659666
131873
30090
47232
740465
551401
158763
870399
562425
225570
673065
277547
420823
671634
352469
952164
122739
908235
195507
606285
124009
365957
766539
771576
49714
696982
8540
682417
90657
792144
783984
56676
103562
884791
734923
188907
454205
937053
281085
806520
907760
969308
853207
221468
50234
434416
713082
633009
270524
596975
280459
137258
67738
8933
409666
616181
916263
487248
542498
457290
12511
236597
648835
678548
159117
521885
731659
999160
556045
872303
121147
491078
470700
464171
349413
552251
733483
755392
653756
228720
380131
392523
154691
288739
220034
567982
906536
330849
857971
556168
718570
880396
996444
627670
678644
648974
970497
356198
325966
701595
201158
321395
557225
457180
256913
684834
48088
211069
998094
939160
201950
407188
759500
958838
980898
493036
16068
245618
419263
975726
804538
422547
835640
375851
266493
982536
312713
395657
356232
4134
692568
206407
812491
966845
462346
162350
998275
329941
523058
757334
282181
203338
971621
448338
758363
305409
666473
842105
782661
598982
438540
467730
542689
662788
885072
253147
157925
519456
200260
897014
740616
114034
895918
403057
662976
299552
891108
553712
12519
965337
522041
664761
937399
423659
583701
815516
601332
794818
542558
838397
465321
837054
612050
795391
182346
192815
174903
4431
962936
764016
767657
955722
585572
470237
695762
644684
921227
849458
854329
77078
227743
203713
549553
829851
549062
615119
560817
570087
919419
487884
346052
888237
780883
194734
835415
450411
560474
940969
241520
488892
997148
98829
294334
95162
130239
599995
690123
264205
157261
298565
96333
642837
786576
531682
91868
576752
602710
989130
241855
149032
198548
189620
475359
599676
511783
994794
314781
366793
709941
137349
823359
647957
14258
87179
297669
944505
343615
272225
439386
994728
115500
767214
74534
715616
266142
722319
193152
809131
16908
975664
719809
796434
991907
996301
450996
790175
807690
303046
735337
76686
684288
412376
573033
107600
645281
691070
263043
763067
988679
368291
862405
225425
627660
917314
490695
909802
706606
444188
418913
305601
538828
592469
832188
710809
16589
347116
551814
978634
14304
755029
205247
471916
611037
642613
994992
958622
767690
714169
526268
551412
932282
742740
581007
259835
727505
392339
893683
865449
59298
841374
974401
514982
38777
393741
207412
329969
948660
773156
917721
874673
91276
557677
854563
684121
551857
507696
474459
195126
29972
786322
206836
589144
246398
554184
536508
475034
356445
878070
448367
989776
894368
375400
792102
527821
503991
347627
749292
880782
266045
503817
664497
934023
557298
146144
274968
635975
74913
278174
48235
978122
528096
893084
358958
722971
326198
840851
652753
770660
401815
565503
96127
380948
273290
670862
839571
96811
160299
64261
726570
550117
659021
286896
883347
525632
442551
884804
901923
645612
666767
896211
946662
40975
415381
544938
820591
114162
381254
311562
673041
180427
129761
332610
659494
453927
135621
106597
716492
349812
645881
246957
365936
404328
37574
164204
299714
968658
833727
5163
81032
251195
307425
221793
583119
919992
17109
942481
633083
540047
525330
283265
494528
60932
147039
197458
625833
977535
465078
828801
217366
970011
280196
748665
17411
478989
524621
395474
333186
246575
975469
235114
749771
637736
401273
571806
27242
745082
329476
428454
675158
867496
108478
186827
840034
573762
175670
71941
875149
682766
2560
607797
438132
585045
613937
400635
274150
68103
725959
788725
202200
721996
317222
403477
450607
120552
871165
490014
409339
920969
703175
223163
900228
982320
262190
513724
845564
163130
291081
721453
766803
315018
607686
567701
979242
172309
747107
577160
631903
216266
822550
760681
429831
881436
280013
899392
541242
878125
673808
809908
677703
982936
231426
512165
788040
857947
588742
651112
887121
875872
103933
606944
941442
708518
847150
792437
274428
156881
124351
885364
782768
377610
972256
770947
41555
113492
386887
623359
23662
257965
863829
268596
417937
114205
2520
948152
366951
178142
63594
608740
3109
193319
274614
834800
161693
435479
35354
288298
786991
976571
163816
205523
801438
244988
50247
486230
484224
616
531511
113254
250191
168347
144562
642483
508830
452297
278829
374280
548645
451819
310910
281412
425213
640132
585879
87219
286311
862991
181744
790152
495302
954055
199747
725625
449389
393106
280625
351031
367827
193355
773954
907273
150243
722923
202
852228
774832
606099
867366
445353
869958
394488
699686
988827
253915
454059
315461
111355
217701
202884
259603
989602
729477
505322
807667
424570
404257
477442
559552
790265
379407
863602
241931
434683
915820
356753
732928
40444
991437
896493
220583
52207
128909
89207
590982
616381
242502
967247
68707
639901
179099
747304
414246
541388
780913
687896
992349
549610
737981
181695
735002
883761
987064
995025
428407
659858
175024
711553
630458
167725
501624
807691
245075
160301
42304
28638
954818
639
209343
695653
525653
517613
317964
901041
107151
524443
862988
150789
725669
26076
640262
368189
94370
803506
381523
997787
209130
737760
493489
90479
5851
65070
988982
194851
873231
837049
117665
903904
811134
948468
591372
525537
680833
95743
540926
785106
486897
230242
844637
391524
347246
795942
390784
427760
841403
977488
175074
127749
223815
488123
109107
67664
465863
520977
509065
153319
859134
726053
95797
823602
400158
951792
527728
26294
833992
865127
452915
931391
343216
274997
269669
865834
831324
154074
707567
767180
199243
598047
338092
33731
526322
815669
347516
634583
437089
824938
644728
742283
853765
357255
673087
730566
496966
536008
764463
572953
688017
487992
880688
868717
804208
137257
279786
469834
334676
595085
795030
77830
502773
987637
343858
370888
533072
47139
721806
664696
404303
345613
403332
206533
508231
224113
761733
667026
422747
918479
925901
431486
230461
937608
337016
250894
34901
117457
757935
874873
257914
978004
735483
192848
531549
694627
198138
411337
240453
83545
327470
816807
86452
950927
205234
732487
183337
213048
964297
433736
847423
653530
188815
719192
173235
69353
847249
72408
678979
944898
793592
104043
38769
783297
580320
790944
184870
446527
480839
139129
740468
469227
888864
174936
579572
208132
712263
604229
490958
414384
200656
483038
674519
71164
257848
327900
561429
266929
134781
229885
367261
486543
80969
706644
262557
753129
751945
525161
11894
800540
435933
505998
136193
956013
68200
523135
600883
745918
132998
861109
892699
736493
221
689543
168328
931210
292813
173181
201927
585394
521729
752947
2057
685004
893863
461735
348004
9504
792572
227231
502128
298703
8064
138745
42898
369715
426057
160593
248853
331092
466164
420744
744820
836035
332086
322039
359540
158615
718992
471793
515886
518401
868385
864493
879338
951182
575189
679640
772263
686458
809275
438774
845432
156843
378357
109297
619784
324561
709833
515200
151870
852567
671764
736309
335035
884102
329373
56547
46016
277815
276743
796073
825453
33331
613409
324832