291000
59154
877621
791931
475508
975559
357855
268522
248224
769623
972072
609845
699205
838561
702932
441104
726159
986531
835385
152636
95217
550521
660910
57614
365413
512179
408354
805272
322449
436049
345928
944310
543877
706333
695280
627318
934369
845797
403441
559589
822228
369748
484803
975410
551935
155629
127913
320450
518391
374883
430155
662863
14121
535063
96034
559037
950360
237998
296908
719099
156163
637006
302911
497682
197794
652662
494362
689102
398862
130871
183063
993157
996928
249107
496029
306568
303217
520369
921074
12070
770913
849593
953422
435288
665076
160466
617930
181388
175414
483957
850871
511633
309055
290158
283340
421147
370098
535855
727223
96052
793951
132497
676180
643072
655113
682920
235131
506475
458881
496577
251700
130097
843505
31163
655494
188745
651317
469183
521644
724591
932323
898269
669161
877836
689963
73284
260659
447493
359258
860126
390346
625693
304505
423558
192172
128328
217618
934887
979809
262285
246098
614258
138801
336470
878538
99515
853878
225367
114255
701937
934860
339417
311682
649656
422308
655906
350250
259429
360568
772931
118141
479573
785433
58622
338366
167530
757028
588241
927616
992355
537491
932259
681992
604567
95343
402122
552464
750414
760227
46775
567272
87164
152108
929855
706743
273243
584749
169542
997152
379684
866720
375946
948096
557737
913062
563977
280787
489810
26751
107537
143990
380082
925588
807906
483527
151365
512625
477121
435368
146120
556049
169756
940835
487861
759058
941717
346280
433242
498504
816173
735665
953365
902893
965070
443078
137582
51446
802484
749340
159121
410817
529401
98201
500070
541482
499901
11443
359055
461244
377007
569590
151165
197380
595834
613476
294831
543426
279310
547382
213449
568569
715273
133633
707277
755494
813762
7412
416568
385997
259954
287358
288123
271406
234816
529420
919189
531351
248104
990064
769737
166803
561735
492893
791297
115392
447621
72335
177343
581502
157407
782855
62908
691587
118991
933620
247903
454284
511643
917933
370523
987502
625400
525147
376805
234571
728088
168692
830033
66975
773591
581282
31240
902202
98109
964354
899432
547848
455281
624968
14776
594956
630331
984895
818438
463404
235700
153390
706336
993445
864461
763542
729771
710302
785144
296089
891427
191643
319478
781237
361455
468552
185598
496045
663520
652789
380231
331016
403014
799201
929906
257074
365551
548655
507287
310529
94909
489078
397611
382227
516003
229108
612299
880083
820412
471778
181671
704154
604487
830818
450510
508722
996931
653716
266961
845557
410531
583625
768023
917396
478255
164239
521597
927027
437175
584171
461159
398066
523443
53541
190376
367751
483260
515325
649354
391559
77985
891
82810
531843
117415
408036
665427
736975
555169
399881
912581
964574
853991
312313
983778
23049
764022
165910
758789
71726
658980
30789
458143
346933
422782
829311
926751
798574
990784
434757
807229
566806
204272
837232
568484
861177
13463
466278
421562
263665
598685
63593
430029
72524
383680
114761
943131
171916
893553
620218
594302
581959
272331
333952
544370
541359
351280
526598
435076
991916
559234
882255
976282
749797
283899
544387
846041
355230
193322
892267
284214
475068
888267
433336
993181
390371
560449
125822
442167
224448
118514
949886
830748
505443
523519
610272
822549
582979
26654
515071
806284
162598
123479
563295
888594
252568
60439
814074
930317
687320
422708
921591
509500
437267
461630
202876
441641
95304
835774
283546
566378
839626
250894
677927
618067
572196
325077
54570
687483
427030
257181
871662
553833
662398
19922
492473
624540
789074
335833
627991
168628
277898
546314
383119
691584
381978
561740
479927
782245
633053
147660
202915
151975
897869
762649
915257
666903
611119
585183
457120
29594
751372
593471
498135
503249
251737
688391
906850
846378
708152
816723
695966
417923
662743
364671
957238
536246
557751
705671
399022
487301
547911
389438
596957
420003
77614
621416
413752
181277
788904
456436
671048
17443
176264
57113
566589
258103
858075
215947
564893
788145
479981
214938
304661
295788
619813
693736
157040
411409
188363
766661
900517
945854
990506
689513
888970
499282
7249
767629
31591
507095
543923
252710
575462
848269
847790
622590
67430
395599
432041
497137
74734
939876
948950
762178
638782
952805
861975
120088
872386
507654
567676
549528
482976
358850
357739
113056
724976
416487
603417
909468
411211
401851
55028
350793
21436
44810
126755
161604
201620
591437
159461
752526
575322
971769
127446
978847
898398
467809
168272
873443
604206
30408
359790
830229
638050
140167
126828
756407
644562
746135
402922
926507
4136
20156
307215
211057
371856
883663
288395
787838
359052
154150
385588
147317
865123
385377
534034
373445
535929
862612
950262
9246
196282
812812
617413
601360
324144
376000
723410
550851
299125
793110
630057
525773
275714
683982
757609
833843
376933
239119
360265
115071
941201
423308
378875
350010
530895
339347
425389
330695
543955
928946
224172
610460
355370
378502
809315
101917
89870
208353
100098
171671
214044
500503
257530
120982
740381
172518
16548
883939
708992
525823
323777
301277
286249
479093
708828
543986
425890
816641
572620
511995
542575
518255
665302
750386
119744
745193
278575
536656
719936
793247
898142
591175
614603
210127
704704
898777
405756
894838
161701
832532
381987
220435
617432
653226
405782
911956
110589
575345
631775
835488
29458
960947
950291
29248
453784
121843
599746
874410
546379
775933
530826
732076
417676
122536
828550
893618
242016
75436
654820
614900
67281
120090
215828
736830
905586
984380
340317
256477
832768
873801
900809
583587
248612
74053
307265
227480
653525
911027
281203
829309
112027
32568
188911
12286
876718
787470
719698
105395
320125
438689
347609
895826
366282
918473
832599
690997
599858
500581
875457
903556
86475
26192
836455
661439
418918
407299
231165
942571
611443
141511
888280
996886
647556
133653
243764
937543
289450
43916
214513
791751
670651
498253
811935
841798
493238
881270
566766
225132
358653
889978
262408
3837
912192
868314
364922
536360
536187
380610
590797
515692
111893
8194
521779
600040
590441
220327
53085
632637
953378
968374
827050
567073
462464
888772
373753
879363
712823
75125
423647
335895
594038
587919
913588
522429
49733
804218
199880
269138
178503
654678
345011
608338
231263
66937
742410
274023
163631
558852
69998
472467
555772
602016
891326
199031
484269
512282
38188
352702
908851
768473
49965
941737
571202
147960
69898
866615
971324
552644
696212
432
47919
52819
370484
310414
915061
865087
445857
318281
891770
877758
940202
503997
85211
365919
144883
528187
578985
384035
481276
707369
646540
466678
170909
561942
515268
722441
861326
279326
237899
375629
729634
578998
667543
122509
183700
93269
124347
525800
231866
143488
864877
554666
928790
537584
584418
770887
536140
178337
71702
603379
806829
520698
707752
869985
555633
578132
343393
329045
470020
223848
51221
766952
318199
400602
975842
209240
651799
29340
482645
256905
917979
361280