630677
340036
638227
89056
793553
772388
242550
206152
6534
406425
495543
476523
522879
676064
724013
766488
588854
665176
449883
155197
544467
929309
334787
47566
680145
476806
702609
995982
97154
131127
787192
643325
933673
789731
283994
875615
436165
537121
902561
465380
806509
861738
174763
420729
354902
687725
706594
62378
676786
498831
346729
676978
245939
105026
719026
47713
199021
183169
281132
33576
980122
516901
318106
712644
409975
824807
744639
986629
862795
782387
115061
124986
218951
815461
885086
269883
641673
440546
561137
696531
632187
292118
461366
30407
539032
674373
263309
706887
520591
158032
365095
607473
792448
357831
597464
981116
480803
733797
470533
830855
87496
700140
737592
286206
412792
312478
10834
982374
606139
660309
818464
486215
541875
273919
462086
374259
429862
69114
304343
432374
143321
648520
197767
28
990551
45167
191288
138265
481233
974192
915760
935577
164703
413089
930156
739493
956325
770665
116942
795054
232592
588760
592497
50362
782208
357089
257117
853288
47808
744373
991318
538785
291312
406076
74255
452957
406660
460658
583164
30095
942885
496413
415045
648559
50037
19494
443990
9122
944688
532763
270163
228935
621358
849472
237801
415456
225860
335182
447296
744603
437706
318665
748108
150588
885816
199745
37955
676842
363626
509925
255657
469715
800515
572350
909254
4220
406509
776784
561850
68904
479806
263624
258791
920036
44470
473185
839372
789933
785573
840218
923378
410239
299178
658252
159806
163004
779733
431274
673447
566133
205038
555418
245954
636439
969999
674090
268217
423541
65260
394736
398939
176493
865971
378691
197965
657466
222158
432016
753245
830678
429126
966809
251703
281418
153281
941968
509040
774163
88108
463052
992384
835698
171764
490790
754061
903313
588589
406259
76578
127245
431702
81949
659134
698916
125172
866912
713353
115836
300314
333150
299490
528974
178442
108256
910163
681709
841846
899306
383782
879415
585375
851642
219601
444631
628383
584029
774284
540532
306433
488557
369795
29881
480782
603754
980775
834690
679011
373812
863263
860320
114173
203170
153181
170313
30871
360899
861579
34719
584938
381807
451299
102299
362131
6728
868446
941590
603347
896594
295620
912692
174960
759212
513058
85549
795768
577067
606938
130937
997541
351954
122772
13335
734748
719279
887763
266491
831888
303956
173602
74194
789252
656753
205484
204019
999597
141195
716331
630115
744437
569435
460025
166405
586524
359429
317762
859804
712505
423859
96219
995198
636703
151438
335211
259288
556186
211033
150983
692376
619033
216810
714396
856891
512741
485125
396677
194995
36303
97558
873277
41012
653353
234059
354990
699163
778218
291596
13480
906043
310965
848984
5165
2246
86067
210493
496745
929173
829404
108979
444159
311316
400917
639062
574718
810573
516660
470911
532978
177743
887071
112702
946903
322811
472082
159669
665897
798442
968703
125780
843031
949822
224847
107436
996757
613828
227207
120690
508304
390531
318406
65683
730237
707108
891114
80622
565771
101117
653715
260083
416887
506300
21503
811798
718653
455660
495572
9007
577132
480295
26493
308913
480339
263193
265772
410436
436887
791532
733181
210498
407782
164437
690299
72715
965318
371898
193467
878342
279943
420287
745510
265652
367895
127916
790997
205938
432820
801532
356309
526475
500284
530885
189513
909687
653152
461439
251055
761205
998647
408114
595003
166976
987823
282432
642463
250033
426270
680524
893228
719024
874486
256134
698002
85784
964055
757653
319043
435303
596799
994207
496822
187806
469340
747512
479624
966139
555842
6180
744188
805649
140152
748171
458403
110401
893869
756024
828823
696727
707080
706317
263137
439811
418077
969607
400571
186354
436795
751594
40047
548744
394146
747337
534238
232956
461074
768116
488540
948817
48830
516414
998905
981933
622880
61993
767451
608920
75110
449648
941510
817938
282378
757937
162750
298704
378559
386486
601476
825621
68359
231199
530363
898090
125217
871469
298286
307706
382432
812845
989547
663116
386455
334975
201479
37789
34353
855938
620357
858713
813789
517150
493522
425718
805094
888493
601767
202349
189920
195526
83281
374166
242494
553448
177165
117920
129793
889024
637453
357674
434059
883287
887895
848960
58514
935643
629197
75637
606064
752328
883079
91609
525654
176307
985692
799703
971297
576627
676480
371246
58565
894636
429127
197066
144933
417657
303048
883582
515269
629302
55196
261856
75415
808359
415238
88834
480369
102024
394477
318280
682912
504113
80516
729963
622422
563238
643850
809161
119166
863545
973997
282342
783409
510556
88970
611203
920896
801735
710223
542105
105201
617666
212418
587762
45896
427728
826266
609381
796730
848952
203275
951468
618695
644465
127263
318051
727136
88361
925824
223775
976899
596594
349586
827049
168104
317513
905853
175894
482387
84165
967880
554052
775178
346649
292705
118771
889441
491077
692217
325949
148465
213791
764556
236083
545127
193018
639742
168022
402488
126960
409313
20399
13938
808658
302611
583116
741422
911144
556613
320279
968738
93542
831702
939092
590803
373934
750173
117558
953383
694908
761990
133535
824152
208499
468755
533683
181381
644225
218692
716952
715683
793073
122578
329484
973840
73293
176532
720162
389896
281389
936261
140506
758832
147616
243037
918044
202192
818614
403739
198225
21598
467881
871076
636894
169013
223334
593413
314238
131621
946939
829397
180219
865315
727838
452214
893833
43169
995671
375738
797055
200505
207947
391393
984627
973058
117991
9281
74992
589637
520805
815871
483542
389194
959102
516217
512591
731403
74988
967110
946410
608586
667995
603221
399637
612094
193195
461042
199739
751081
195620
955495
414968
993605
105655
995391
436213
272220
685
162021
748581
196599
442927
697644
18075
538798
225904
412456
375621
519518
408251
193273
953673
612473
310548
187816
955194
738872
343566
201321
669495
923179
459177
843200
827680
353328
741477
90881
340406
531714
479655
349231
877966
152233
440007
951110
237490
742031
461044
617813
245269
790003
389253
77570
634736
601271
169244
616753
536957
379923
802873
503488
362767
817004
865881
720169
603788
413631
983176
873995
359497
812663
610634
970626
208768
77471
271650
770674
275504
844338
197373
418339
966481
234189
686846
804486
633459
165445
503655
760534
998834
379541
837792
309274
837464
475312
535527
214599
468175
76405
288789
376706
54593
691969
203593
896130
339214
529694
662899
963540
974185
393240
872063
453752
328592
794352
131099
481001
840358
30570
85031
584442
188846
970817
418105
447644
101222
646523
932425
656956
326206
83351
260480
811081
464115
954722
136216
345747
577229
252968
541359
198351
502961
949960
466414
283319
590499
844897
405200
462158
694556
776872
94034
184001
10308
483740
807862
758889
591565
890256
756403
179246
499884
585319
4604
344325
757428
161887
300587
868889
801232
812164
774154
87368
328156
391620
407102
774084
186849
938147
701905
880218
464491
206853
620698