492337
201832
55762
425810
504770
899675
775787
345100
984621
294942
39364
414979
28994
869904
731138
210820
182969
123305
937794
412598
355158
671278
575685
237484
441382
294480
801225
124234
648617
286114
726067
894928
318090
253045
462375
429128
421833
52946
557114
997448
930361
644436
740415
427493
988389
310239
296126
142708
234318
77505
561539
862910
667472
864227
143442
90047
666979
137451
486648
29915
851516
537202
507900
10782
637587
567965
61237
70446
561024
329114
444405
701008
427903
342265
489571
923219
667026
986788
140903
475548
44678
269629
604670
258191
824973
656594
907757
195352
338122
843903
560017
762515
621356
13153
688981
313438
577841
598194
944766
977528
537740
827462
513056
538326
767586
731297
343476
809538
433837
972147
732417
180272
908611
810225
750006
547295
870129
913424
967642
208168
667073
394144
305434
442535
640156
469892
452289
851267
534152
839882
76423
744923
879249
373227
464640
190478
249542
260512
391733
274407
1755
403294
20816
650340
375020
726513
32048
461793
60513
40817
623133
907302
735596
598946
430677
523082
450863
30702
603077
517378
168571
378167
463059
216394
986484
188316
10264
347118
811152
85450
534699
959669
669310
254140
158232
287723
323299
261264
518384
413642
49855
859015
927354
88772
610606
157529
506375
121456
459531
929651
321252
178126
515567
764942
395304
789560
388055
274861
445036
227368
778916
375475
150298
301152
322619
194398
491294
285818
17612
55780
806138
965836
519664
157352
751542
22519
69612
358681
557556
839373
405267
16040
182306
26076
485767
167972
824840
648091
930208
220723
737217
149616
839397
906159
398598
169820
390518
982298
758502
958660
848397
827968
584722
68829
493785
58408
202964
181746
703562
225334
287776
107989
719659
892512
613763
579104
149864
722507
391480
146918
808049
332289
161305
244860
356599
711313
997171
548893
527380
427268
528626
907326
404807
320055
497275
190063
489052
998618
555801
764715
80426
884035
971982
668732
386678
748784
169227
871245
100470
186967
841852
575950
81775
189228
478522
735294
170047
569199
503396
61080
601911
402798
458440
26972
299808
192350
231930
372792
250783
67154
534919
358355
318899
443286
14660
62583
208410
345387
237951
806040
757651
964638
359511
462341
419711
493831
726632
872810
92129
130139
747422
629887
191620
429295
209707
252945
391612
317450
780947
155307
102340
543013
145316
296225
755527
965953
209412
255160
603962
725733
121058
570805
810918
200499
639503
898433
391747
825958
557157
893685
853440
878315
608549
213064
121632
208984
701855
82130
659646
20493
511434
772284
552497
175910
756339
936263
440202
532314
16658
302965
781498
561843
863417
893272
30033
858538
776230
891893
571361
274334
83831
116819
427265
55089
7677
964454
607277
410687
507561
480531
993227
72700
240418
961824
196744
698089
411449
887610
208737
397171
640884
24609
378046
195688
164743
293748
532408
939606
739169
159764
573564
424386
343841
188984
638535
547330
308585
918925
22801
792184
133067
369863
216518
278123
866785
891081
490863
47235
196537
673581
329072
204897
158700
876720
570538
830553
464592
597885
837568
967181
302147
461076
836023
673383
368424
310103
184631
351730
255406
393137
593966
23382
892363
180260
444436
264622
327689
687597
7753
918407
931895
507221
848474
298552
381056
736727
654626
967065
557528
575785
639821
358945
658578
987817
532344
483872
604622
703653
489716
258837
31504
105607
913002
10605
149741
465627
158488
835353
628191
187327
795449
478026
955447
921254
259651
668684
798961
890312
447562
407484
931235
710890
524610
451815
202832
196357
195809
866305
691673
550742
905507
792959
723731
528961
730279
241809
287028
872547
195319
40831
293478
157555
218405
792415
647870
379795
416912
865393
714310
23865
904134
119127
118454
775092
181060
314676
219586
566430
730008
963487
555853
71197
810983
790020
908091
863381
117387
247383
359332
949806
906132
876918
312548
383677
252784
163675
114383
391633
509605
615482
101378
258076
393146
535229
353620
304701
460086
927130
321068
160294
907904
249741
729132
846319
542181
747639
222539
209526
939640
565523
508161
697008
228820
637969
20827
67345
944893
467537
510318
670676
514533
435581
424488
833703
88842
714947
112514
529783
379644
498798
857681
749715
741437
733792
600764
412543
155521
394926
995784
9816
183636
823192
291983
855710
447323
346851
925200
252003
160114
914901
686879
601743
189301
884941
833533
289422
284506
653372
440258
237078
106364
154628
76535
390296
110642
488939
794560
842050
119326
354619
379574
107439
12482
256250
930771
135852
830988
970945
631495
461672
593074
462524
866215
851639
897464
912317
864709
259139
173839
189053
391258
439120
655383
858863
704288
178089
943173
88834
642621
110636
773472
672116
471577
8303
323237
410574
180560
21198
477515
616896
1795
334419
68321
32921
603977
834624
589075
195362
355587
728699
38155
159640
28558
140438
860916
123269
212497
675579
235097
821498
137589
256305
200876
920491
105268
375181
417571
798695
638347
575479
101309
27698
577737
116248
553187
383425
879306
225053
162089
155857
28925
624619
868659
736804
51488
779167
352436
404953
154445
781568
876818
874343
465006
554052
481574
656053
499597
692091
207327
672025
964422
827548
927302
91244
135517
502507
977500
300807
955948
389827
299295
98268
676341
567877
558059
394802
662614
282077
317950
935614
635418
688686
483796
297435
210412
801498
227825
900839
92006
611823
533309
297657
862087
673585
530185
134850
23235
372416
281840
961407
756341
868006
849624
213464
494384
639615
429144
574680
834035
442181
952755
724042
239994
637623
32387
872364
917617
686118
50865
491987
231236
473692
568033
350747
680465
325609
877226
714888
277119
903819
272642
649534
170344
221177
168633
483737
700338
828236
201884
80234
976507
197195
400954
244751
772658
536977
467779
341102
870787
361437
308684
556173
118890
118902
749934
778769
421865
727993
218383
192402
193044
646465
738552
510551
295178
512753
872549
838515
587838
292192
559132
38779
975219
361378
160437
110562
873670
667247
84344
24116
423909
908595
785443
236459
996318
778034
317898
265009
823186
683797
794457
803827
520328
779284
242806
825758
544605
543554
747713
727738
509401
631216
470973
142751
497566
290943
333448
333207
317434
217734
394438
249426
292443
654043
717340
93248
678370
707074
959000
262031
390928
269232
712686
615809
463645
522426
274974
707496
852839
781727
393713
462273
167943
129838
117665
554219
380160
322966
824280
404354
964113
201928
384081
203613
6826
888970
619291
757664
365179
510043
442108
75326
993895
572415
771186
778894
209111
151526
209557
381449
616876
630717
87320
422942
933324
721936
153006
377650
189726
827738
29705
226295
197520
846059
544509
561064
909909
764980
39811
226334
604589
210162
913754
386130
278684
138485
999880
828848
454716
617676
329599
340116
766254
711695
445530
101987
533292
443913
598982
991817
281466
1920
763966
215882
499899
552353
454126
116935
87328
787725