825317
178310
129127
901947
279583
240254
950860
784578
594650
291915
245009
18979
187477
253253
174036
934477
26054
588
924714
204213
983131
600617
529578
749693
867931
444098
478438
460478
544428
936377
572469
1079
312109
332387
839596
522961
509955
46496
317547
139470
617650
593884
690515
348302
294049
418081
82581
987262
330048
295958
612134
902941
496709
546712
539214
155308
508561
394355
29728
537586
232818
11708
794244
17705
868097
15
270832
173448
622700
924129
523765
450734
136334
334721
86582
387816
452346
745200
858291
572063
896343
865305
265923
804833
329061
645934
919648
698442
284062
63393
610460
752015
580343
714300
476722
862054
603269
742686
844344
560341
388093
472979
411312
351510
346004
291790
628029
813028
499141
820165
829106
997094
915825
328746
787334
324788
573280
169409
347428
65482
958181
568738
41119
711240
973024
73613
67331
967971
108894
888229
376902
9644
355163
730251
586590
289339
916775
733400
162412
491512
21733
715446
185557
911877
471536
144604
230194
723275
673881
684452
868189
299296
623628
300426
877868
866194
631441
502083
672058
913747
155694
89847
348192
782336
266089
189213
534275
761744
103658
457906
734151
998422
160383
402454
328098
254706
785722
702147
406795
11226
273461
214954
37457
102720
738806
967980
898183
413537
157805
666418
647645
398762
794394
260649
796746
196486
254219
794909
802469
315848
407043
738417
545235
664562
564407
677625
172315
821280
740146
726132
345814
917588
746584
864169
585602
326047
331143
718236
619253
52328
401945
482221
571630
581404
862086
527374
357063
231986
567527
953055
386694
766425
976341
13032
721491
218945
309168
599090
121157
680003
287611
538754
23957
857582
31909
870643
989044
27503
585570
222447
67704
787868
962872
620938
103153
199965
570838
559611
957722
974199
108382
130423
570924
243383
564036
193259
364620
480247
679310
143062
413284
143056
136763
469890
786126
29020
798720
930333
918445
717734
436077
638008
614806
204401
9263
787291
770668
603873
404014
303746
562570
89290
466070
886649
483800
875924
190196
38095
344385
289928
782070
730554
622075
518713
746325
837319
490245
992977
395342
566332
920175
726327
902155
735692
808275
686874
735521
829173
166753
953437
62131
190522
572888
73055
380083
981176
595537
920613
324680
146280
638197
879783
928716
744880
79823
33908
788844
879013
504124
219010
99251
313826
229503
654230
617632
901502
360753
660620
653107
134380
488086
395332
265479
780020
403466
47785
565337
977034
544474
427999
943334
628680
116527
448456
591347
403149
1636
407220
178598
386225
812537
794595
83666
272804
849761
13623
555344
689570
461942
714683
33800
990613
129677
955658
220751
716743
39779
332637
874
370689
224438
804085
872945
235333
6512
754145
997007
331109
338302
624812
732518
223231
558080
615463
333007
155861
344985
986383
754879
766029
181989
841178
606469
134210
944394
794275
650096
834692
932583
45679
613197
284147
848938
106587
173709
391539
383166
465316
199045
197644
557793
563027
395280
31521
110483
609347
725775
121995
316778
755536
115345
502034
518659
492894
569293
713095
171219
725763
745804
958081
775515
28498
390372
617714
210746
72517
326814
943333
724316
364102
949305
346966
57616
486874
450248
435117
537016
473322
902774
105497
692761
569776
929578
376006
313747
756922
626565
601978
28778
167070
654728
237585
620098
253435
439827
248659
434665
364199
714248
975535
944079
922170
14862
777879
891345
107766
974450
299511
281202
993618
113447
479891
601130
348258
843118
90428
584345
411940
537169
968238
428564
253673
724809
476553
422816
618781
378815
272298
892989
742837
263471
306470
137241
180213
230185
218850
903974
549852
697650
40786
111813
911724
69575
602508
24097
953049
521921
399752
305113
454350
171284
739127
386133
415126
993905
247484
929594
612142
315724
223563
163192
198884
188088
408093
802176
98027
510189
968397
919827
163007
621804
955666
698422
209455
358841
824921
717314
616332
385095
169215
187159
220652
882546
417768
68337
668187
760870
998463
443283
943519
516893
341002
664671
689831
246213
846184
545735
561039
147775
962090
921054
924306
946500
248908
653448
652877
963874
900367
777360
937132
504228
308276
777112
782451
133712
604246
956779
303915
980682
662437
928559
595623
762390
876667
174198
802098
454587
786204
11955
406487
6851
539471
344073
169803
918302
852691
619007
624379
726694
111744
409808
65518
789757
706044
101855
519447
790610
610774
712712
808698
807235
543874
581586
680376
838236
899377
347456
954937
26046
150029
776391
236852
97947
306766
301209
431134
404318
590524
689440
180909
16743
123649
508870
5383
892980
688490
149809
514124
735003
36666
223564
728316
862067
806379
606272
425223
684883
78466
726851
626544
828146
903757
784391
89437
918510
477500
952978
406205
356968
682202
591213
563862
148108
875110
855862
522922
493230
412242
381521
26309
662096
600919
671035
667814
618048
655923
135166
285767
296606
640768
500673
991371
228668
963698
885815
409540
757534
47277
223800
747294
101088
397057
100396
222571
745591
614595
96547
206411
169871
329225
76802
887543
33428
418241
460697
848874
639821
255855
193424
220910
244450
595521
813950
259519
200638
200720
946396
912477
346639
609973
282830
15923
381418
695430
184801
936607
794572
753708
886355
131678
208508
38818
776587
393557
476044
918220
107753
188542
841085
788465
774712
708781
819266
263319
52672
263806
977757
997370
990136
363678
697510
909992
884569
226226
846891
567484
900046
517095
927152
601525
330824
260631
541079
243570
430509
83861
624475
371468
369840
517205
147702
601168
738172
310715
412771
589335
392266
265278
2046
99588
885650
567737
96455
101338
245661
751310
229893
164024
75705
828855
719111
983025
12166
732906
71109
608780
704622
182952
474406
379029
48562
866979
661275
211806
6623
41418
551400
662486
770399
686258
291075
857667
645291
308258
670869
710047
43102
719995
478685
304525
722661
169538
543284
352630
409171
668556
100139
78468
60241
863237
244560
197691
456307
219484
130448
849519
716645
189071
586422
633318
156740
800206
130129
761802
751881
627471
14708
819786
432288
809261
101143
744463
99735
355133
368347
628311
354161
118576
753771
389551
894811
973342
201214
799633
355574
454837
667961
756631
702611
39741
553200
674331
665277
512647
314765
497710
32815
893106
33033
928113
441190
625177
494360
205395
246801
162460
277538
135271
817894
173641
345387
264417
970254
849768
409171
866093
923328
760032
30137
26091
867179
117129
752123
18891
479949
131599
103833
682370
627169
754111
747448
58598
96949
766961
354754
811500
13657
510739
867370
753851
411380
671630
902989
932524
968752
44886
543476
580769
926229
722195
756598
396159
918452
64999
884219
977161
753657
65564
141147
54426
983844
563499
869668
609023
928593
61291
688506
707119
555379
902037
268185
595239
535775
30640
568311
264998
303300
7453
176645
226434
404537
881217
839699
351718
960879
273866
6547
448873
608006
125472