334860
110874
27854
472358
937323
331184
273806
310931
18790
897359
568699
584582
143579
130957
57850
35440
141170
935159
379908
657792
575419
459721
359002
384814
403827
898569
903189
662501
75942
661824
62747
705291
47598
541846
361134
176110
988825
348105
650206
625612
667817
620874
905055
179327
169908
164724
61109
842243
186668
721513
814219
387301
134265
705803
163428
931915
948802
825108
732456
663066
342027
6355
981472
57287
954681
343556
453565
16254
862192
529930
900371
849320
840285
253579
223907
336157
266896
537704
575381
866918
284864
349783
168708
892141
993459
794848
191668
504707
336821
804336
999391
620430
376773
742877
364140
781709
638288
281463
178625
519370
539221
933895
898735
293467
159207
380391
612236
226324
642577
940734
243487
322700
672147
380950
337715
525066
623499
563163
966990
78157
527279
305266
305596
88245
909111
2995
125316
443473
990807
278085
99132
814726
931178
990165
857592
841176
580906
648946
373150
82648
264796
528456
579093
288491
131977
37432
217692
517170
597158
451344
445111
128219
357141
718828
158083
179716
960580
276904
692011
219975
196852
547264
916595
932518
741524
36039
329970
777620
618763
638017
660701
485022
616469
135389
237885
622196
985733
448082
669058
182232
831528
949972
796786
203490
445642
327539
817978
589677
455826
22033
50277
353506
11784
996350
381034
738783
457335
46642
207391
731203
880686
850982
396172
656088
145824
676431
660571
64094
290603
97399
580523
824880
476854
792570
703363
445909
930803
401947
654435
563174
13444
901889
223863
828119
503737
932433
461605
346915
538296
467433
814085
147288
472822
478069
527792
600124
735201
597554
953457
729883
12128
867965
195929
283694
95858
990487
586991
711146
910387
936760
261955
225314
430077
691276
24867
110873
772011
618254
297831
584104
668985
563328
94183
938184
298759
349060
924749
768445
799420
314714
362885
793760
723912
287095
190737
949191
104321
935166
739320
539922
583855
317534
599262
948821
344867
393479
334575
215645
514498
903241
705973
319905
143327
33164
248202
247431
643206
40294
712743
568015
337302
284700
765210
593888
412806
301304
396566
645677
502152
440451
868516
147268
615114
790560
924280
508019
727961
474757
41823
798615
22432
351382
269779
431490
57615
140768
44273
194120
200215
270255
276546
945639
259921
31500
136181
862480
262206
385814
275374
987990
316649
819579
675575
393522
359785
281556
783380
8880
353155
827163
60597
929146
638636
444233
502725
245504
825003
431504
160416
345984
353181
965810
89633
298999
57554
804605
454104
861924
24469
567395
656155
405877
885322
902202
783540
773265
633391
50252
214968
638209
676357
463132
619639
572219
94024
731702
627343
518477
694809
710705
521691
754275
448445
35269
792585
397877
259710
807299
745929
227279
920495
331317
606818
774078
818189
635154
630622
255188
376769
661086
523686
836057
796290
709468
435048
229902
758552
90673
426036
730335
76923
960407
799207
521188
287962
877498
614910
213971
848311
377010
919948
714822
612079
474334
84934
291813
283288
8793
265276
721648
411459
240732
367074
574700
173856
296624
187597
679911
384897
865998
192633
243496
289271
517973
936710
576248
582872
565158
463876
695495
267747
768351
904931
75197
636026
260019
723661
288094
520717
181539
686927
808217
92312
215259
282034
257069
15490
947371
111976
938617
668454
282848
788130
62494
692143
774783
126463
468882
658845
731293
938526
64836
2532
117150
928724
348968
525491
69192
11001
890910
163538
864579
892445
761155
501028
752367
556440
74579
898828
762658
112767
870200
783724
512509
346227
942836
696521
489641
74323
820904
704074
711795
494353
381119
784544
680130
554210
868538
327679
385393
924367
73176
721801
970189
180841
792993
536908
68780
155033
533455
513314
754024
90454
987546
867831
173047
337775
263902
191976
334824
583304
246124
621894
391228
984097
273002
786105
870047
632722
617063
259713
726402
56595
627967
36952
971158
98295
227111
646644
540838
826937
22230
257576
427921
826863
833873
865962
483427
63003
538513
783151
376976
844577
642450
942387
173708
832850
387323
57109
246346
720486
810085
891678
878094
229961
455113
219490
909361
26956
951115
869567
294705
332860
900573
853634
327282
47952
72465
323946
205333
953595
399103
92996
856052
243170
754895
18485
787959
236456
7972
235414
621398
510628
736038
853369
656107
470836
293417
106058
926130
479467
12031
423825
887201
435686
694679
850580
428766
111420
287952
59098
467362
171731
573406
194698
448168
805712
562007
601201
184721
347046
906971
246562
540503
375376
48414
68215
937132
635865
764244
265206
147438
200792
422199
836944
564361
879930
912120
79683
13610
740855
881216
392670
147996
84391
336737
659429
630273
999341
194846
666634
784685
514577
300371
629595
590050
662188
120579
641724
701668
300668
828028
522569
123577
714136
754153
486493
225087
134589
832436
646129
910505
966470
126805
613404
788119
67322
600956
896312
855762
336191
966807
301989
204321
580909
101760
852199
14026
779966
917638
597227
379112
300065
199319
903911
885286
288621
880775
619743
151829
804723
400831
290435
244784
177772
454789
453621
513257
733329
800163
879273
570287
878090
935991
261606
495743
615422
313303
899113
995172
490121
414622
429672
138893
563532
978519
744756
194633
998237
86213
430583
289761
642911
195725
672029
592338
219309
829698
992656
936293
294000
27530
264219
71213
383313
192881
483888
315421
317639
648970
104581
538819
987729
982653
375896
65701
602176
340274
668820
124918
842796
674905
517324
678517
196743
15763
767779
959971
729166
321216
991054
233439
58331
903462
442162
854431
935320
615162
925415
508813
279630
746255
970654
243388
220251
550360
535647
731717
225538
438555
667626
384386
352604
533109
397759
687142
703341
377156
480122
883064
4178
321012
103062
488106
966677
243945
884562
92250
762595
347846
741488
205604
464469
740889
131418
837089
898218
438947
839904
652929
524374
852039
663388
740033
26227
286669
19575
859464
38166
343060
941892
767908
42493
467666
3530
371548
745252
427529
522719
278513
409654
266889
914671
879926
544481
880987
852124
568585
874306
521553
673727
691501
501504
729832
107661
865093
768308
149655
615446
202927
910854
583415
547110
802299
210963
635982
974862
476935
645002
627897
321277
455736
262678
102710
66247
823063
906485
406092
608840
265733
599912
350615
928162
276829
968643
575603
63265
319333
774948
663557
266048
153263
49920
315873
678469
627154
442713
248859
892039
88320
251980
130605
951184
544068
811846
194370
846493
97499
549527
145501
752066
928172
531870
733417
772074
605348
124004
52189
289276
789490
771974
480203
742362
629788
347081
157062
62659
190844
706706
522734
184024
53979
463853
31770
205820
801321
719243
772832
958804
517910
682313
217987
218158
857167
100331
439162
722238
109976
395879
588121
907394
560642
766174
453470
408711
119370
277861
44251
953222
266446
523842
650043
513382
61932
956147
733490
836709
933881
819687
842181