536175
654318
402794
25257
245917
253282
501321
989679
745983
720581
52982
412708
375519
407109
574662
851079
306871
105104
394886
400218
108370
275659
896120
371761
395087
397484
541530
462301
981701
415029
907937
837167
158080
261198
904645
155179
480168
582973
179510
648715
798978
397956
266092
356012
121360
60823
588380
180506
517652
201272
572038
675379
816627
191217
222059
49722
56244
940909
214172
950522
233959
798388
358126
985620
819938
446466
121290
433640
377767
898114
213729
336092
852961
177068
839932
972492
975245
308280
150705
432334
478134
230333
265201
534176
543193
25131
286527
226161
363879
112737
377339
714376
350440
417772
765276
790037
139644
684829
934781
882322
858684
28678
980558
333974
366912
503313
862699
577014
492666
396924
491657
483736
440512
658164
209037
59605
859303
242829
342263
146122
713034
903964
160507
977340
919722
324978
648752
756901
953456
980213
380001
573983
617421
847196
529666
530092
568962
772358
281405
17376
110908
183544
673705
797996
228887
149490
524380
920967
900419
253420
487959
759802
603972
742002
577056
200457
749907
923417
917165
35769
718114
933789
249276
572931
210045
523737
508287
417427
254284
866401
457013
561597
668213
419647
40148
499453
572766
214793
816418
852137
362704
109723
615140
382645
167479
694455
823405
756130
969349
172725
7831
599557
727543
630696
250384
415792
526384
815567
180428
206463
767617
202741
224792
51841
521546
412326
833935
640192
675129
416014
860709
730351
631665
113903
320672
789871
719943
88830
52391
255805
596902
785051
198387
840316
631250
923756
492514
259931
912457
780501
217194
242787
239302
454741
201706
517728
423007
122560
866460
465705
469454
585429
324519
102349
137612
815803
624850
716187
566745
479325
199186
77134
323481
17119
322948
780179
185560
666683
41974
186617
227118
557629
98207
20916
169470
752407
246191
376398
92952
639009
454913
650283
529534
86961
108718
827383
228804
851476
909819
659118
671888
774822
863218
545031
115969
3027
111374
344958
855597
246186
322191
106429
418114
120795
767790
666982
971406
588045
517803
739135
68121
736414
795138
367867
86512
992568
823099
520417
722365
592652
245345
505755
288529
132206
209930
893981
745028
650125
253205
540336
682804
645325
197939
786714
679529
484995
836827
788716
91993
652492
238305
755688
501191
645963
635745
267212
894917
980925
235093
824767
685467
832634
516679
561239
259520
429130
830432
302469
520773
493857
379038
821534
486865
773049
773028
579398
965127
950922
202923
925115
574980
958185
601686
999740
46020
910266
387748
929684
526052
536723
982719
706950
181698
570543
808945
884310
860608
149260
751798
257714
952360
828258
603052
914620
333161
259584
355879
107317
762944
286084
667169
912455
5106
278326
287502
990190
79861
97473
117198
616901
543087
323216
195516
358953
829462
995521
724451
991884
379062
199817
856209
476184
197201
82852
917571
216829
785568
165174
720319
330777
62264
460419
256641
202819
189384
3720
737613
204532
331391
985524
809827
664531
168906
18886
412433
57308
390971
922116
792994
452460
620485
305109
418036
670763
786915
606012
795943
648534
457497
474801
534258
539944
196307
318494
805135
262500
957609
733939
421783
293442
172740
605542
165864
937011
352026
712906
309570
400659
977045
72779
11313
750443
700114
201540
631525
291935
306436
563901
65693
182330
864633
669764
18178
563924
877301
773478
723280
726686
347194
253450
997487
623946
604777
853483
117792
59225
678082
699312
855698
798466
576840
778858
312021
522940
344064
375913
191014
246441
186327
409403
22696
274719
641315
536195
836916
585555
427394
454065
314311
346596
907231
823843
811418
670977
390035
797400
296527
774521
842919
542541
244935
723742
974456
332470
194384
714644
278835
801434
829052
557243
128128
917579
299277
909494
895100
919617
188556
140184
496286
422227
475448
111147
772411
344657
360604
253852
460644
167424
900410
948870
873133
829107
224483
700569
957769
83906
448104
490727
777937
53482
5162
353803
995747
627585
424270
190902
506727
429011
544845
654743
778477
762142
944936
481190
986994
346663
709688
39374
539330
90424
316387
734069
424567
772406
650475
22953
143071
993698
744608
551464
362172
874028
36150
516236
888932
596399
267825
868625
600969
472462
301309
236228
668179
756329
254810
158027
984169
206587
671604
340811
871887
843859
274832
893433
959081
569068
569699
790209
928414
381163
582973
270284
428120
344758
246242
35314
715495
428204
531001
576060
995589
176900
431710
418708
593716
31045
392850
153803
478980
390495
9810
314311
205425
985125
272901
384648
672233
510312
980366
673685
95466
258417
972546
233543
259210
763546
689587
477297
396560
66505
734571
418666
690368
319306
954101
257850
191477
674440
719316
527005
836774
853224
469335
451190
74314
983747
335300
876179
175320
361213
955249
869209
474664
311814
470195
21964
350517
809517
925293
328125
119620
58140
670858
726545
883293
462132
146501
351273
159352
807622
880293
452531
371572
852010
829383
304141
521216
163648
821587
717073
248476
76737
254545
460737
389690
501569
85076
8272
50750
280643
750356
311627
610149
318392
387482
287906
124929
714646
894292
657367
433378
742930
139336
276994
348881
661433
686629
705534
354742
180976
858293
840308
282713
138502
555823
871618
132549
177971
276394
814727
197833
668976
501483
554381
679960
15154
150495
132308
385488
182148
819940
272631
560215
595136
640321
686590
624098
440937
325495
56127
325839
426472
915695
406961
472882
842786
722770
727054
603501
462962
629368
754148
6265
439240
380216
855417
532481
568669
455774
409241
776429
942994
642554
72894
490940
250916
154005
180314
83466
101774
802751
203971
677297
734460
493060
645563
470668
791015
305469
255131
112407
181009
911618
578012
784562
367071
830589
769858
991940
25038
921689
620262
282876
393363
156250
214942
374451
601940
723079
106699
367790
457340
151810
459134
291839
147199
399480
366855
50122
37162
399603
778908
763173
310053
840460
560867
133401
260489
907390
215644
489478
127064
811799
175406
470690
923613
52807
502028
935714
5409
176475
136708
686129
660359
735939
453348
631581
116677
757647
961161
553361
248319
351673
67205
65021
243393
328731
473580
392082
806425
180609
377852
424105
922383
20569
688678
400579
576835
330439
707901
788203
844705
254741
783802
10360
86978
302920
880746
308783
434722
439693
365492
316101
842298
855826
292811
610497
473530
310706
860204
434880
186021
695880
332308
829650
872712
427493
565122
386050
104408
579548
666596
298483
611815
473850
229345
908774
344195
188627
534466
898904
443947
422199
866110
618632
203823
798596
12896
914903
54243
628309
170967
977351
233215
471128
319642
802086
500374
492222
392373
442052
291185
756491
386165
999455
475400
51021
424108
178784
920412
542185
60834
901310
780788
893392
870808
773249
910450
77009
44282
355169
517328
497417
329696
519949
591036
918389
124161
912711
699470
87272
591093
290028
906594
514200
862756
941265
174423
732498
266192