121654
177218
74279
228995
900525
111733
978720
379720
881395
210122
2758
136862
628976
705086
720893
569243
592752
345777
851642
359135
8710
399261
289334
190685
227468
248883
520383
372171
825352
185492
282088
765538
937962
547561
687713
169490
55601
263519
472033
794118
167214
196034
448831
419215
448481
353909
554529
92783
912063
286475
731915
338693
897813
912774
779737
525584
996038
111786
546440
844641
140720
289020
596462
250274
406957
824604
227658
552444
308022
405436
351990
45226
394721
531900
330873
437592
136523
5604
213561
894327
412304
238141
478861
687200
701943
262348
245809
251298
491499
331500
172818
51946
382436
426695
629962
362254
632357
362289
124518
357942
294238
868257
775010
616487
409969
559948
846838
516333
571857
509727
594953
454373
995719
318553
815556
646180
611087
647684
241090
240775
844191
470350
618147
983960
523143
499848
836288
640090
609715
464250
298808
681394
197710
224160
23465
706290
844353
244422
854651
161410
272921
238779
518102
990381
65607
650421
809587
764678
615552
930113
599248
57141
121989
639716
501181
824609
702205
342356
676372
944507
911422
526412
519494
31397
629354
526992
809743
476798
996150
827581
950859
155788
129094
949644
31715
889732
907764
558755
748192
821816
838896
146647
463648
113374
96769
815811
268453
567800
270890
271550
221323
632613
265447
851963
329490
956164
11927
408194
852313
334465
688435
819015
166380
807805
809724
5028
231924
253534
647283
311544
196749
916144
696642
77659
361717
767286
825464
745213
175327
461074
98802
575706
399143
779340
129429
560411
672609
452930
399479
64589
531018
16749
590493
772662
151968
479947
788959
598617
725901
5678
809960
276360
982463
725217
426394
799329
713107
126322
401998
156198
144047
927585
687161
556029
398127
835043
838378
169024
153078
222291
702639
363458
134503
194166
319384
364448
693356
336041
48339
562239
606707
694506
459062
554855
361401
611839
443740
936891
448062
140486
621926
461716
724248
832154
994275
21562
779428
748511
100554
974014
480151
672811
963428
610551
252274
394897
168518
577751
519892
950603
911548
856617
8233
794307
551170
484137
979905
704318
971436
288191
994171
921446
399717
637338
348704
996722
551508
789542
746316
558836
66970
398441
61638
385023
970488
468095
857009
379314
34638
418416
442844
5798
975166
193195
655028
666736
671151
844962
150169
339731
494381
566273
406029
95045
484270
368843
240585
903260
807792
671380
188010
34453
912573
139861
200776
743937
407504
633839
335271
589
939090
639487
983431
948652
204285
176026
90326
571107
698786
675173
854790
579312
684101
839316
797881
52952
927078
178557
66903
417164
313691
464088
265730
682935
245784
474005
507425
965543
407441
604698
371993
286293
911030
479128
68890
670482
222237
156489
382613
818257
240062
855368
65483
537803
403735
246220
17281
368530
979440
304962
341584
665398
68601
361927
289689
775246
193231
717951
912597
938980
90909
750485
750666
169599
686943
408271
381785
728333
85314
640780
412276
38701
957416
496029
856174
817623
764295
540350
589035
759017
29745
175536
509302
164046
772910
955252
818161
420621
345541
202149
930023
913644
510362
857779
909182
925118
550065
956856
810056
490512
931473
861176
218552
463532
795459
286202
699441
658888
875898
457981
318394
917582
198732
567449
197198
838985
112478
714996
269521
459689
182111
336541
939292
871155
611115
49288
542201
639880
371663
484390
837738
340495
15916
867361
861156
417730
458484
872561
237209
776018
970386
816798
262643
120632
360358
877842
310876
459481
595246
835418
887162
506325
69504
799993
716024
389421
49139
787817
926464
617870
243166
29103
298053
903038
555256
428697
473020
826210
397918
618263
38570
426537
382452
569908
394648
155929
173475
598319
232868
481268
936512
726010
348210
840454
608012
693006
598079
740622
607448
92201
710870
492679
826497
134117
936347
746898
671129
776694
729604
866881
437094
875840
995368
133762
738628
942739
954927
476902
415205
833604
250922
655373
767417
410729
528892
253360
166313
526320
317045
834123
854780
354204
462207
600741
909725
268574
302705
77053
397108
223820
476609
185491
69488
705280
639510
125328
651942
74512
691900
677778
481747
573477
801329
111832
637373
445562
397340
70983
117112
492915
916701
844247
984645
465495
806463
866461
66453
676716
3466
1653
981291
236974
290614
773835
779807
557099
32634
392902
42686
840702
692545
293011
288975
41574
811262
823625
274289
292482
291990
868094
809952
994155
918524
977318
413014
996526
678619
947938
520526
789220
766060
690349
637731
674736
845287
860702
424087
851541
191958
82202
481200
532914
101252
786714
954941
248410
307093
414677
40631
728084
131183
393162
375810
776364
574166
629228
458259
652788
135318
90793
696235
709658
960857
689113
109889
159143
530648
466176
926973
620882
88494
504192
222177
301503
461768
415454
653250
104919
736185
897134
294452
741316
41066
282206
621701
27209
332271
747677
877855
782973
472244
431910
843025
132386
772822
577389
715623
480422
361550
583140
841781
564213
501576
247658
32051
971961
914642
379153
542658
805615
521968
170954
815437
335079
947404
983343
757067
180632
875914
232109
487328
229917
159098
272908
509219
819216
862887
781725
687867
299778
851788
793215
711394
1812
158310
658253
584011
558645
83173
165480
122272
706872
816124
99932
234020
947728
102039
339505
275576
197932
923436
407505
505145
200745
791851
672721
992134
638328
326287
797149
29535
721614
464854
222469
873705
889153
696653
902558
319054
701318
233093
313174
244737
507524
451362
768280
976479
778452
475153
447256
185073
8344
501785
19515
627022
479797
797195
75302
637213
514798
526164
885154
49657
163806
644785
447913
2477
246866
233537
235088
521822
766337
637110
819792
620424
440936
673061
764594
631328
634438
245694
755543
811161
523889
695829
303457
309827
595348
507102
223746
80845
590534
158712
990111
93611
809991
358240
482144
707219
519513
501894
981143
313441
419705
213180
517450
299738
703992
973387
744478
609677
230971
543136
375138
530709
166539
641252
254518
203132
910874
698153
593175
440314
165011
291712
805256
758363
581916
733031
937693
737662
899371
396511
173543
375481
799362
982108
994871
424410
512008
802390
987857
383497
46022
189309
562607
980873
616827
542473
226542
823069
219164
402863
593689
414727
845419
150959
220625
498027
373682
822346
785878
763603
193500
252306
36020
172684
708401
602649
69196
727981
292460
865227
202238
214071
627771
502232
29424
812504
9363
64969
862846
890186
97453
251188
390206
300376
190176
396427
502318
550913
740636
720142
648188
373813
74048
851553
826162
743292
923865
405816
320445
821622
955576
132846
771608
942013
874863
805685
876570
337318
284391
72744
871960
975015
896225
371453
975992
884370
234823
433750
624787
322304
915566
31158
263942
486793
224683
327056
819350
86255
977423
343163
77629
876314
467264
733123
963861
685694
318645
549849
805216
235800
84365
936426
488242
160472
423629
599437
117819