580262
930824
565957
406890
327759
324150
168565
715604
6068
288317
42995
314356
195530
723374
207302
960181
304496
645537
188683
964725
935832
764150
909098
477648
688639
985126
429227
363976
775064
347653
894369
740430
601991
37270
307908
89839
944840
795018
160989
321758
52784
805527
672474
435034
812620
609841
287297
291067
353958
143464
263041
607007
631525
41374
291237
757803
878996
320419
225890
619072
856187
498159
510031
784636
20777
676987
938292
110826
274900
393532
960570
357447
467351
105149
895682
262770
360857
266328
175762
795183
641230
691728
653483
690967
599447
862478
563958
129824
642693
946551
661404
965061
405883
442662
927861
316690
998321
205835
345304
238670
979477
675679
408657
138692
217292
397827
567472
644016
708629
622068
346366
417283
339855
582765
494731
367443
693841
469850
681891
911267
101239
135476
668319
79946
660093
335997
518295
988162
599619
916122
120373
760655
743984
980680
817957
758601
369587
966652
272936
179400
585125
897755
957256
22124
314570
960275
133414
269830
102839
827476
418415
70631
982477
689903
572781
304579
504547
645577
755833
785984
762178
339835
861007
187361
910985
181706
331706
62026
477617
908926
535598
523823
311403
615137
332660
769245
935014
158294
932223
504549
902380
208275
369438
839200
164396
522108
799755
255076
118738
315165
399456
874882
906002
997060
722409
640632
743045
65081
523860
490106
299050
729307
775237
775896
792717
255769
120966
149388
753924
167049
873628
744610
979798
287720
454645
612740
551607
889647
486205
35745
555823
997774
449359
5050
148184
76680
247112
895433
638726
603050
269560
118285
233665
944425
593650
18678
768621
179927
93123
875306
857099
673090
665343
364338
461336
158569
141686
237701
26323
997084
711366
383022
229212
485039
902346
63388
576504
627674
410673
719302
43569
567600
209449
662329
608474
408058
64761
949759
775281
776432
166574
885166
947037
62675
129005
644490
640150
270122
684200
332568
117539
287318
445676
442624
269695
173012
316246
673629
291157
584591
43493
800293
895979
808928
229547
481584
780891
164131
450782
211687
463675
421687
167627
102218
680094
744721
639658
83933
179316
772222
115468
895600
777420
98931
953265
830538
174778
208082
238390
907313
341972
467132
985067
390745
637270
522125
436867
164711
507429
667448
20836
779040
531889
989760
590431
921523
704627
306193
783033
716319
44246
267449
255912
882306
424946
529478
331354
523456
622899
152956
312302
625420
917400
783091
999878
186710
240280
113099
568820
243473
548703
917773
99409
13151
144117
916960
290604
969308
18048
954341
194464
49668
95648
615215
410815
167426
482296
50338
183082
385878
769164
463591
961026
898145
559814
138121
491129
406864
998355
569071
480130
161955
219818
347190
864423
387929
414701
137579
659129
491258
410408
373154
903009
76352
346486
980533
114581
992995
891074
941981
329127
43008
836779
773606
937975
506277
632577
81554
557897
976252
202093
977356
63537
700881
78957
398791
793387
719809
215356
639539
116423
46145
775951
833948
53441
291528
43004
516447
146991
251866
408694
62537
620051
423026
320819
153165
748752
102476
100846
593634
653882
523980
445640
901559
215302
10190
463242
662420
957280
199627
309061
858510
668444
344740
92954
236519
100740
363727
278934
193024
432463
642843
400949
691515
369203
743265
677000
109937
809681
356041
309424
890573
269455
420342
82378
102275
750852
482255
424421
152689
864396
928619
676334
691920
332026
975832
108013
339030
218925
748488
499176
423532
858491
439257
610981
837639
853643
453184
400781
597221
477311
372049
492588
182606
693293
146645
468037
463343
44040
250211
889329
184625
609173
70042
998604
7784
597649
368491
983871
862273
568617
987606
771768
911671
351177
260906
236289
370206
235714
558760
764158
330973
512215
699206
102339
53305
500709
424847
839823
354380
962860
483559
358186
540052
419582
507885
940374
287655
114498
795897
28596
57220
823013
826116
293047
749254
680927
548071
614845
6770
514461
997820
614991
777263
973776
613345
553398
913813
351186
123419
627576
818333
783664
625686
921710
594233
945432
797194
521795
193661
900576
254586
723787
166778
894833
739670
701629
55596
474126
219265
262095
354185
437509
202797
57581
71097
417264
44897
343829
257125
978728
457244
91345
868008
198152
624468
593746
920355
811353
513751
971878
851309
878175
563283
795990
32807
420927
445297
106399
850477
513099
859675
832843
900712
948844
380958
246506
397056
123371
610027
141682
955951
965980
580216
676081
699441
496359
275524
182058
422807
853044
111031
676820
159611
643058
436519
977579
525390
395205
468855
442160
664077
822154
743450
423876
981586
689223
998773
962589
112583
362228
918115
199010
655925
21344
821778
912937
592379
80898
212426
442314
119385
87773
901710
536416
715884
542350
130523
823452
51828
764085
302221
83653
533009
917118
111585
499600
894733
115467
643605
90775
920658
808128
334060
512505
541500
488298
200206
276111
855561
498252
456779
919942
542317
577992
202304
2334
482435
766887
757394
876542
374621
576005
708120
155185
912060
697564
717077
474561
440795
481899
337698
683502
720678
486786
57770
752907
386760
475885
339983
220662
173090
500027
8363
450610
983575
642473
350065
278435
511812
847024
852785
87461
389069
204776
267258
506633
923347
468823
509977
629292
792833
876699
758848
285942
454214
29679
517379
868524
364445
737757
665915
175859
191815
588545
413389
315874
228186
58677
817605
850114
512051
228318
226332
230117
857032
741458
491352
836000
37528
253861
491602
781158
175875
251215
749843
748610
465462
231995
595992
490224
623550
270510
968629
137753
280894
788626
470934
508394
360764
481823
363296
306512
921429
636197
483829
989714
355025
780216
407383
543754
92433
6008
290404
804865
974245
20539
832703
105638
569146
499417
368400
363371
755952
529749
181409
831741
565066
674787
982889
652317
831103
953306
83174
164704
823213
167672
315811
497663
956461
921740
962457
250076
161985
824132
841586
711762
583338
493523
528040
783799
51351
147583
475084
679345
286327
914500
208291
859890
326319
657320
413163
65937
240167
44060
113083
281094
984383
622988
523272
120642
415648
736068
579780
945769
311597
970558
206624
324077
74711
553932
581106
197320
246992
557662
104307
499413
280023
353009
799967
483660
384946
236373
786623
577624
836090
570905
715971
650327
54480
982548
228040
147501
85933
410259
953466
871493
301976
440474
725459
377126
932656
654681
607426
58989
730089
602861
513382
947373
908820
705935
480953
391392
45206
285981
497290
738760
214202
111363
986722
242342
502883
254598
369353
246678
84890
339117
478113
547013
499526
301388
145071
183761
793401
899694
96058
855035
564326
578206
288844
76299
101937
238226
655381
35777
53087
855157
676399
986163
276141
477007
72957
841416
683516
853715
385068
854159
899305
400774
982619
45117
349627
2311
48023
308545
353910
86015
865151
807366
486540
303141
80391
955012
122227
392046
182295
570563
889746
580688
182291