776751
384864
211373
987504
508324
180652
63196
661380
791515
865910
63122
148320
729641
132154
56838
647159
855015
528105
958470
156796
626267
538465
928232
387116
149813
609870
829976
674804
470709
343388
307025
5951
392681
589848
964455
900192
448980
901730
618112
254745
515179
443985
940899
828998
531257
429283
152744
871145
352034
184543
980239
20371
634116
40778
476461
746539
105145
124418
2113
176222
345529
342650
989413
656035
631453
386002
813344
191977
473534
204369
706584
55392
284860
577026
25829
879329
113818
216618
388480
39291
740231
334754
485274
449307
240504
508372
524425
35991
927472
356886
317533
539095
185569
927902
755153
626592
508268
554849
460509
225407
771781
354509
525161
83214
536626
500895
765595
887782
21170
401761
966353
969057
790266
694212
829674
314634
40218
681942
716543
918244
715455
926495
54320
565075
257490
867614
393816
645291
864125
378587
50658
230548
762701
986985
524149
748246
248050
916794
185611
887175
605220
498014
634720
821262
316192
406106
35589
334611
769808
113377
486739
515013
119625
488818
572221
573127
812206
774221
907263
573112
214641
812435
216691
851293
694906
65081
583682
767278
352352
90536
313207
309946
875220
73013
233903
292471
843805
357112
767917
690666
967229
265739
177738
97583
986547
518049
787209
91366
952922
814528
118409
652154
189743
539356
324499
393743
153776
552914
478995
256711
597087
207678
752484
561137
172837
865465
254212
160912
191700
181042
217255
503747
663813
743
255079
857302
965600
732417
831128
750116
421882
83018
744762
592358
691545
648972
142088
936733
86291
124231
729581
325272
203668
366606
635286
794338
734973
821246
376802
574924
772266
823004
605110
174546
112012
555338
743214
948717
558581
577510
762158
536245
858355
739648
260310
755312
224851
264245
871060
431867
987271
34988
155795
326611
938722
343853
820945
985217
951551
313945
59342
244000
223618
856842
497248
231308
512758
618375
272676
743401
197334
770980
42126
314125
557095
810548
640418
948043
880450
759660
406204
960029
636016
581398
368393
709869
469933
611822
341336
528128
543759
801117
555467
692479
826880
330383
157543
812580
647783
281907
996491
840061
829606
519631
580990
773280
116284
589693
574945
444716
7369
861765
22851
362935
223282
689048
900115
981081
715483
383463
643760
195732
117137
599582
495389
546655
254410
429377
906192
370125
322243
27169
405097
703583
853065
699770
450048
544547
520532
801580
466263
683718
505229
537429
488559
351293
799729
571143
335606
648076
798093
138283
660893
654386
857129
743601
900296
433585
972545
989363
289503
392317
417966
716005
657666
191169
270116
709947
874905
291976
760532
881240
731976
996430
354610
84589
242818
315044
565649
648630
599733
21498
672554
560845
64099
760780
795707
765866
274257
782508
687884
87864
999319
314984
822412
67924
779224
125655
994651
868708
635532
456901
371425
15250
219577
723960
283867
461668
295425
897631
743798
343226
178836
286742
390547
444259
958277
512472
187755
175835
64507
819714
349964
288293
407806
67200
615426
44481
825137
788630
26769
419339
876895
10445
278877
751024
696877
267448
608557
597453
94767
239650
646340
746790
500375
464725
777327
136959
80201
197897
295005
959003
813706
400616
33960
513230
884566
190074
968178
915521
525840
362610
230378
595970
908436
825492
407278
883461
3433
944577
723659
645308
16658
150049
226783
163598
827267
774379
458272
274615
118257
265684
123125
544571
98818
133393
190466
634824
343588
204939
816257
101927
702713
423839
462411
296670
217904
540750
883063
909862
761391
459528
801113
315972
19308
332240
956844
528967
761563
720460
846346
669789
535682
328043
690263
343121
129256
307123
128126
47397
409004
456422
892115
118472
876785
416848
272216
268852
121207
593328
483803
827622
812741
531968
107452
834555
788034
603171
671949
635364
713764
197547
283218
3078
286271
948867
928615
47024
262463
980671
667137
186106
523249
270335
368141
489398
550459
950714
534324
65174
110252
776108
329600
402074
699630
688542
75800
616371
595160
552847
774375
783929
563232
737596
755739
606598
360622
16849
248266
108397
564299
588652
934382
249818
412408
521034
342737
731400
133019
306000
651396
799193
771413
283768
205769
809813
772975
246102
448912
861314
518834
327622
790558
792539
702485
871797
798794
16241
479569
386952
923362
626971
286865
577324
969706
98971
173829
29947
649604
629455
153622
148935
559723
769617
467380
930759
95129
301227
991306
392028
143881
834362
573267
853950
835095
331166
370694
537864
359043
779803
650861
205020
369492
546319
423828
41204
120985
775888
204572
988038
797451
710881
19951
521683
984782
433361
556942
505101
472406
656753
700741
38051
318694
384752
681536
473322
10676
679189
338360
85289
492201
354007
552902
886273
243396
547420
764952
4087
348446
618316
203073
562272
265608
77650
97066
7144
852176
181807
378150
385342
775523
727738
785060
705760
996940
798456
363581
828350
583899
293652
299438
5901
890400
806459
552799
875051
270359
414102
897313
569962
539806
675301
11639
526012
544544
306101
880971
104441
530390
498558
285762
653071
991844
771035
600681
636550
508831
438374
397582
996526
227822
283119
163692
66152
759438
253657
165950
476687
573807
30418
222068
816449
545340
36397
81219
720589
983224
286686
910615
426107
228931
338641
935716
886834
68477
802791
863514
96778
6721
587022
294647
809711
942290
176123
154614
230126
140564
809607
600869
954271
85425
268131
16020
9071
543900
77690
777001
409993
250546
98402
323665
426081
679228
503677
623889
288093
986577
811378
418810
325600
666137
76932
67003
35764
41004
726028
160400
500626
484056
81175
392729
344721
104642
669662
861573
558058
579812
588446
142765
983076
250804
790548
118013
145632
454565
689431
420941
717507
979846
956817
315726
30843
510345
254363
391263
229552
914463
814260
955903
550985
150974
10526
893213
925272
324164
988438
317708
295971
692341
749166
800402
97936
653216
780936
122464
391980
703585
529329
779675
899736
515135
145687
313944
305552
83957
148969
65191
413401
277902
4426
743046
274951
683049
715249
947191
301160
521245
844832
730412
563281
889013
637438
562910
624770
842780
612371
124092
804024
908372
310368
971201
120336
966304
592537
760414
863635
553858
427712
859543
426914
162399
227487
365994
94591
615230
290018
105577
438069
264047
435726
480361
294
907720
454370
797011
579951
387083
841929
155735
579705
56099
135928
509953
607519
435725
691370
767332
794295
175508
620150
212466
655295
456372
987017
590062
735334
860128
89606
181624
537780
734688
810615
271943
212438
339026
311534
950198
793162
87952
739452
38261
541411
835250
408141
923872
791546
916202
553502
341996
151921
768334
677021
122749
812581
222963
859036
375510
177264
282292
457073
55976
858583
632786
717676
310475
207319
890101
287541
343754
114823
17
667906
533912
699498
859876
77299
513441
281683
437019
175626
916028
515701
556501
185738
696316
783238
18751
864747
313190
171664