797748
55123
139239
344894
864132
265595
143920
278268
240843
716684
296669
309234
27869
125769
26083
715955
597257
745306
634235
120705
810231
329157
619410
603095
753130
975436
576484
931859
415782
32355
599203
985470
163307
219853
263953
60153
304095
833938
91565
44039
345417
127583
748105
480753
298361
976698
984442
227290
916166
717472
756202
537695
597296
745852
690184
150378
706276
901254
827870
662996
419485
126838
211074
633012
378599
544100
766758
285833
952638
680702
165451
103039
438934
853797
542546
190306
249780
534756
997619
957532
794937
964685
785094
842924
421055
591218
854527
719654
377692
260221
447927
274400
529796
830125
617509
587776
147659
337837
547499
899104