876288
455468
184416
69885
380445
162849
840978
457908
98237
70223
675216
399412
352868
535050
427171
320865
669281
286515
79800
117066
354831
162070
955383
757199
986679
93091
803956
25772
406291
148487
117118
116646
662638
745575
807829
9424
204647
591289
98170
460154
412820
184574
876318
431671
189314
660960
543676
657418
427867
67940
266498
475117
643745
712523
391146
864637
728534
537291
678120
458309
518782
691109
715260
723173
774524
759203
223655
100318
861273
384560
844474
740861
124324
840659
884425
850658
489907
940554
482367
879853
966727
753087
469259
943172
490894
442281
246521
78594
217025
488642
949467
156863
19950
479648
793765
984760
206608
991987
321753
841115