437137
664115
350748
686153
280098
949512
322938
937441
223929
861855
180312
220589
356718
320128
410340
326816
132034
96969
400897
77324
301824
49003
896955
906218
887358
785019
532758
294406
105027
346101
704127
539210
166019
917972
190436
402084
509381
772743
899295
563607
962789
374864
860941
448603
92150
849790
445757
500274
165119
532805
6213
711625
946534
458103
293934
284870
519083
674145
469519
844340
247883
411908
274615
786889
779397
876719
300164
260560
630008
18934
498000
832567
162987
5713
987787
145463
951847
905683
638116
412891
241855
65220
573921
200880
708656
104286
244495
883976
181539
769569
340819
541802
138511
394579
305822
516953
756347
308183
13823
432959