354152
908054
86826
397403
290858
483388
360330
951374
971440
362040
931345
99928
944806
597018
317610
958801
815555
479833
67386
848679
315436
294865
481551
296099
406518
850586
383669
264147
680969
253510
458727
606298
562464
861366
141475
246352
826092
424473
560534
244311
811864
731267
603447
836923
355880
643238
305776
108101
914298
607535
222966
270109
322479
586687
435386
973529
424739
269508
448183
555750
952535
144116
769580
950481
596400
8998
641508
505843
420440
907021
18544
312951
776835
26065
430711
139721
358796
312843
86116
642845
59005
346589
890493
514521
208494
190188
757268
902881
48772
505596
404694
5373
144347
175398
339008
655784
223358
872504
490546
394295