130481
398287
61319
32014
834224
404719
26532
678673
201831
835014
454930
915534
197729
291709
956251
668750
628746
46407
705672
210873
517554
521910
136689
974597
347184
482107
742644
123001
347107
769016
382401
876701
645460
659652
719697
171264
831223
430330
84406
724709
433296
245182
270542
871883
92275
424654
269073
857752
632611
895936
818890
691873
314844
321886
384483
558297
239533
394266
403096
859731
980796
378287
868686
354549
360302
534359
675964
838907
850654
565603
807303
514597
864202
368122
830060
374207
54733
42032
943575
178059
35142
822338
820944
39692
303256
828524
487317
628401
518027
285927
822850
242461
631633
33090
153325
1871
815714
456668
11278
394355