343992
738077
507623
850863
450605
153793
189775
867644
143385
798974
327686
970479
661015
310520
655692
336931
909835
888453
593207
274548
837952
807152
590180
189510
249329
976138
74504
119087
704291
208103
168484
642370
657455
546620
777431
784057
841246
50387
180301
23102
549036
572392
886358
555862
562607
591332
804625
834411
741585
263475
418375
298868
327161
543748
835156
199875
945673
135708
991039
626986
382528
246040
406315
870667
513982
295997
13479
686715
919016
659069
848928
125651
422370
89417
71094
420755
406777
80589
851307
468658
820131
130125
327032
820934
262109
56986
662394
879116
553332
262576
324745
851029
382624
709423
295850
944462
519306
572788
94426
699562