924497
807609
553503
64911
658185
990353
411966
643495
982859
271895
536037
12411
595455
475784
17786
47139
857395
543171
261361
244926
482488
883076
649091
412863
609322
660475
978429
540187
978894
443336
524341
388365
327187
294358
669847
618244
283899
620497
250333
107435
792787
177733
844573
605202
432798
951508
791164
667966
946704
849364
565952
503626
104822
344323
531716
665655
713523
59111
609220
971480
547812
460742
247576
97811
18213
636351
649470
177748
300461
305860
475088
881940
171028
913909
655252
127745
559990
587609
929074
164491
160047
831355
658624
566091
725253
673119
129785
682831
179557
253792
106509
478534
961222
335463
1106
394053
331242
155466
512856
817715