989827
232300
210292
81869
238921
753434
961697
672896
904963
34348
250345
919399
662110
390338
612220
749278
496507
190763
606573
551456
62995
183139
797987
88842
491060
547821
947238
598664
11178
434889
113625
439710
726713
810515
198983
70229
656133
423544
630101
437952
725781
809685
353047
761578
460588
536558
401599
569437
690711
222663
468465
139473
721541
212643
332082
765936
456784
550102
494270
191746
255642
305737
422392
845370
201554
366474
894204
239964
88342
822605
48913
469961
292595
202564
390010
88809
793543
619990
40811
243891
612424
460095
234969
466524
559645
228867
516714
899097
345706
998800
568332
982099
242985
670703
906209
67239
294195
3174
315224
523350