983614
765996
855615
569976
749084
755965
505480
453407
50477
914952
189211
463055
724684
527146
561518
571630
769872
447744
990929
409085
155146
837568
440953
344065
702507
129911
292536
847752
109507
606299
473614
875482
399076
640076
628441
358846
676645
144428
274471
7909
579714
525207
941868
663671
304929
532481
319503
870521
28783
24747
157407
928600
385321
93250
469091
947605
647415
408404
422734
476300
950706
886127
581841
526946
519495
836760
565131
693002
56435
750245
551964
432884
219054
769144
787991
159380
991332
496920
238869
954506
887518
527021
491174
447795
545344
240536
485731
646796
242347
176045
116511
575102
162306
149646
104060
911690
866314
882469
872217
777873