722695
702997
361571
709555
189488
282490
597892
271928
492426
907802
832720
474009
998046
927523
90841
202962
547494
208259
131695
86951
278828
688991
112914
300590
711121
421997
474178
142580
413930
364462
658483
780173
407877
276235
985629
67260
566473
925515
53167
272570
503803
425839
678179
570983
8797
649963
594029
995210
174257
68801
876493
933319
494363
11514
430276
788124
265124
300356
385315
520215
372571
606371
530750
41496
593174
550869
157440
653630
45142
587527
486104
453873
503432
744941
430865
750924
162728
928578
516928
683237
522880
987868
209622
566778
368463
543914
440085
656569
3461
377870
645280
629164
710697
185297
525611
133183
291869
486599
104593
73839