218257
659036
372994
98013
885148
878922
885400
462897
426155
54870
20951
480157
794842
448713
397343
556670
276945
308094
797240
435290
314243
878650
315169
532681
104976
839074
952389
560000
712587
754141
757707
972667
10325
603847
459404
311623
752872
671630
576608
362729
288112
670189
762129
433454
359443
518787
20273
283984
687570
77775
379784
54338
362311
815818
551077
130265
555278
59105
611093
716439
493953
858830
195058
815316
163163
552722
723154
190411
392958
850705
265441
268158
415759
172426
637833
314055
911871
520881
133965
476733
984165
197546
193653
271679
557831
79268
560484
562592
949944
372048
30405
873327
658779
335869
566820
350625
254085
816018
80665
561245
855169
824999
215199
294308
849069
867584
94146
464732
822593
952998
566839
970807
492656
532452
317637
496132
933926
924571
695265
397906
11570
363522
250457
774204
703806
857022
402150
739862
216185
293018
760868
908403
693333
225379
780061
59408
529132
395491
758785
997792
672445
680760
593970
500468
88789
341775
341052
785542
115657
786562
847522
435683
256992
666124
322387
789492
480333
205093
814460
23463
209113
479359
193079
6719
470815
229147
558304
304948
255985
548168
53384
91271
366873
603961
382915
13607
641017
37890
485725
28473
411796
610351
845929
615880
519461
781377
692601
108041
436077
101126
538921
941385
782091
572820
733142
214645
226883
591265
630765
624134
439521
723586
563165
122311
228278
403454
607406
109060
747329
463438
371755
107665
123946
145588
37179
965876
134823
179061
862478
120432
928065
302965
525107
66542
489201
713645
387910
332554
809316
444363
789893
33528
156382
913254
611460
59410
324666
103259
421687
527103
827983
239370
972653
48705
723631
945831
630812
621274
533513
481149
476695
448412
420718
939013
212124
25868
862321
937695
50953
604594
4391
642027
403119
489472
32653
259783
526207
789981
63817
967717
439201
343756
799625
951431
665188
150462
50504
847514
385744
982512
234927
406764
621590
617026
591448
146060
228073
197974
385389
518845
736614
220385
565807
485334
70574
894865
981587
664633
340244
928795
121862
442798
653682
800032
687058
923867
213910
35323
411224
88610
354522
847210
280317
834455
813777
921942
837794
458652
870109
400320
113739
220444
652318
574730
139105
58080
146053
985312
701714
384081
954630
274305
153750
850699
880940
671470
430861
511449
72390
262957
379332
972307
969279
645626
780631
658193
2572
488523
273840
502539
8830
634750
458285
354255
458551
478114
372448
847133
954233
738335
644464
289826
899290
778563
772700
63183
44948
854377
403744
815190
782648
798472
717808
235777
440131
749973
673953
597167
713609
878934
30055
923307
740558
338885
131129
232106
367092
59805
668177
971489
322062
661955
94991
52417
491282
419732
893309
26320
115437
623175
286254
850981
691313
109503
715199
735040
724202
370480
630591
413763
886158
989099
140523
553681
947602
48711
706962
6786
172185
170798
506263
212800
355463
573633
304277
54721
524980
333481
278237
263969
340733
875515
716634
370843
600436
601351
579030
580195
225335
459902
265877
699812
753502
42749
635487
528593
639118
665146
280476
323882
923755
577482
826775
687309
46570
225868
701733
130102
7044
330614
481247
134549
550342
113914
489354
973579
963973
99284
726424
4992
97135
302899
984263
842083
417021
260865
319400
409983
748997
197201
321338
879223
500844
7972
147765
286558
675321
36632
257186
546997
776132
477358
444775
648322
883597
545974
371169
900745
371753
767001