710284
394870
762713
134637
716273
503393
367159
269936
136853
888099
569812
687267
495653
969956
353516
638216
656570
111637
477398
618134
355451
636781
789362
899840
857248
55550
8510
87200
393745
457587
221704
421952
676972
281896
827326
768389
778790
614054
438881
539897
741513
251578
183000
213427
998299
713776
589217
291237
93151
429873
480226
14594
336565
519158
258398
516298
681500
569832
783747
180531
832152
910614
984863
315125
309039
851986
302451
709555
220813
697769
278816
429057
774791
239676
918910
977622
663484
899519
895244
222159
248216
999246
129729
416733
885170
930407
177025
830221
104917
620168
705707
481203
350556
343526
506831
662386
540470
310407
94269
784553
913482
463421
640888
640125
862900
740671
617162
289087
958380
419941
14129
340090
663304
67136
414903
851612
783000
179091
953311
165118
993455
169330
762875
101970
322945
734326
341211
312680
911912
680666
166240
203037
362177
592310
627182
908960
191219
959701
865919
511778
44111
768373
92949
505050
203731
50074
93576
759666
330697
951631
506493
430289
950157
231290
12919
508614
406379
120539
455879
869134
45478
12641
862175
780354
972758
586537
260101
820448
684265
778004
459235
529268
172490
440323
992378
809378
410590
555697
549495
84563
469291
840686
647262
671994
750099
551156
759075
199042
301567
605928
338968
601622
80471
879278
896319
235596
365613
638313
877313
690478
261881
832718
211576
848039
213183
337060
592359
69831
971981
720794
416265
662387
918496
699972
177542
947180
657062
392948
667202
760890
580191
403633
972368
728372
262749
478551
268613
234735
355434
196618
247910
543297
488328
804376
329219
852081
118547
592875
967005
723133
996803
516071
670338
37510
688142
83686
556602
65372
651178
242445
630746
82146
608240
108491
127157
939230
240284
991278
814258
640159
978801
325857
864185
991435
977465
745094
720583
597764
2538
18796
621538
703287
989541
236205
72614
316161
220887
832487
770301
783933
538306
715989
92717
456622
215958
489417
461131
935110
283449
707720
645773
923537
991270
958082
118141
341825
158129
65388
667210
407190
608233
355516
500345
755050
594902
923904
595448
773718
646433
456668
701267
518660
166611
220830
17472
260691
980150
929215
356500
660064
309591
697465
745688
719672
575789
839103
555511
539094
664788
790622
728014
420058
905778
724526
573414
761865
527098
593716
100158
303483
412303
116824
251264
729765
295936
403197
999382
73923
24178
998914
239574
482
832347
411605
549849
288967
618730
335471
47209
753280
317317
247152
258904
362245
111658
372119
710254
542665
752631
259037
712506
586467
509765
689135
513545
437652
574382
929671
374133
436404
142895
646822
509780
725950
649833
279152
34194
310196
451970
66147
587353
33648
13480
148917
231084
436425
772982
29834
713939
630430
406767
889679
154353
815234
363750
787894
82929
544900
912960
925454
950559
337369
961618
940349
434323
897256
137444
203037
341191
778098
227991
747889
910602
927069
374050
113731
762830
847644
854840
280347
995483
486908
930822
41822
485862
360780
514136
643712
932221
640874
156763
811367
941337
634854
674749
520670
717590
516054
468849
83058
491518
714934
22670
996141
317825
646137
169815
449196
786433
450928
343637
761823
990090
280854
524897
516637
836575
706038
961022
873570
622575
579833
834082
215974
219879
10448
596437
61082
68897
641658
768627
172993
20921
405106
145932
208809
255680
332665
984874
15494
75786
1147
369842
24873
246434
971616
108835
207650
801758
773362