580620
674970
610530
417422
134371
173312
67086
751913
442160
420860
444566
280623
187682
154267
75664
495904
126069
428861
280565
485606
999344
722153
926649
74749
418760
549706
962620
91711
896290
270730
715288
134347
427894
710794
434778
885073
836879
431675
958478
899901
325614
232988
517684
100030
207503
517840
941199
524338
578691
41307
918491
239920
139324
349241
368350
519729
51495
607131
804567
934619
697524
998079
123987
954668
787825
383274
77663
348287
681300
273605
38872
264702
801367
16338
572382
311653
985342
727241
952423
336303
747764
953235
877616
603167
662291
887458
966157
715692
736451
252267
111522
687114
579513
507969
28842
117585
879649
313871
215348
479628
835735
343090
476398
455969
814990
626417
508058
696344
463635
192218
890973
714761
89836
550394
663478
650726
183194
741624
187532
337378
926718
986062
822688
505533
891288
884965
155169
864302
951402
178700
944030
518060
556219
758678
911830
779032
801271
884429
313451
38410
190004
552022
510453
658038
226319
911651
948403
35899
226549
533326
82525
520456
787006
241433
633877
330539
786867
907839
353019
507512
423728
91382
539807
200082
352485
815044
60370
252889
656886
127355
63829
847152
768194
591763
885235
56745
724801
74082
983723
822416
364039
325434
612357
874257
763365
420575
733957
307782
222062
512099
537661
933537
744151
862240
278845
121842
565560
358674
562214
49686
924399
975182
642845
399229
770788
461091
665499
812886
461734
332748
812384
396825
216628
711758
842951
917744
202457
307764
849461
792771
251246
523877
956267
97439
726339
130399
223164
313666
680793
866898
660184
882437
765894
533851
283718
138022
888187
969755
921840
306481
504546
931444
514328
718923
546657
808032
189289
752859
376636
435949
299560
642134
882263
596313
235209
23973
730648
790470
197534
474484
667179
848218
158826
395993
376863
102773
704276
746655
892206
538320
830711
238959
927962
468015
899414
652058
730802
460866
295789
677445
427764
828830
97570
990962
682252
417298
400731
801511
780603
422953
150249
91645
503059
266108
47073
859078
189726
677809
126732
643420
868639
291156
433076
373123
698800
494416
553247
762298
290314
325321
647384
421091
396707
245785
938920
381964
941618
348646
614820
147225
37006
953821
319456
867792
695412
833165
565889
55809
255975
664482
538480
150864
813490
837308
233899
649888
109449
831339
395957
484894
834830
905738
267566
418663
8047
834997
490365
380695
236076
74984
302697
350767
142582
252405
750663
647586
534579
459553
939470
216636
712286
935708
641414
472816
883724
95516
940255
103484
632649
790165
142942
406779
612513
654487
598066
190407
89531
125891
16613
509896
317919
749483
159022
370974
506007
507525
939939
520679
891636
375564
453323
894061
876200
779636
493202
573999
626128
905224
40277
415050
874005
913249
180445
981764
892008
746565
14570
825141
328490
76953
86180
702611
536174
796484
931254
343768
940118
705442
573559
875474
104026
473890
744957
296007
262247
963069
131414
605954
828003
649043
291793
454015
494863
621540
957559
67438
401670
879399
73112
824743
466786
979211
902079
590763
135038
47431
49031
144979
174101
75360
778887
243608
985609
940471
925096
465854
809408
332172
144344
915421
796905
661203
411543
72333
683868
478641
178607
254509
796832
101331
745345
862416
610694
316971
129977
665350
434034
533705
710563
848002
817978
832978
471703
546157
23078
490591
460560
83654
643479
463348
773723
566323
843973
131099
994219
50025
533473
813148
93705
305269