562335
767740
104793
242816
495480
171964
278638
491030
55984
699375
111833
147928
361837
690594
929619
188147
889920
711441
696669
889697
268007
949826
117393
860235
825452
710207
260115
15192
24298
391022
291110
835798
114927
158670
952411
337028
41277
909840
977380
803129
597099
283344
124422
302005
639401
696814
873261
602499
292961
920205
544793
34759
504376
363816
487094
474665
121523
379532
510794
283678
409463
214454
728392
760976
969576
173449
196417
776426
513843
35052
972858
486337
231272
978302
189912
642082
214783
838839
720248
539700
147772
338460
711515
485066
849196
530910
69503
538184
85839
267792
17801
440302
318096
416835
993373
44614
558767
291712
673616
788262
606207
166754
803509
56739
390795
334861
710996
315986
841044
243599
695737
675324
991734
563729
72872
166557
648809
65337
989870
708377
912994
989600
694930
273148
228761
787371
355243
827756
759974
325064
749963
879470
614533
6535
393241
149777
902904
58834
948541
584762
625996
615051
803060
127949
931827
966848
949635
391414
701584
667533
949063
921105
160786
132111
38379
673020
220791
434048
400692
57846
47538
436660
63542
923444
951016
110447
655274
291136
714067
359841
392599
123278
606537
801023
492972
763357
692183
492222
309872
718854
164359
579182
492240
414309
329730
120114
978839
924065
189134
154840
716541
810905
453111
611993
491350
619308
68620
237038
730283
383461
694785
575564
563750
510850
170290
629695
762406
326431
341127
819807
451763
961220
94450
485168
651915
502088
459413
809436
263771
218848
6337
433093
545737
508552
11098
395018
49006
738444
252054
496856
149729
428723
881188
526058
346350
562505
197161
371998
221414
855176
439525
107381
555664
77154
212468
120615
968893
710062
548913
361185
111674
335916
497397
897052
27742
222646
463613
206299
14274
710790
787882
143361
84432
868318
607841
307212
948340
981080
564562
761074
655024
216778
770518
676310
781836
595605
46002
357543
18410
177355
59449
164438
749368
58170
943501
338162
124862
5593
64902
213921
401751
710990
902763
132605
67388
158810
299356
814280
65916
170082
856211
735758
520584
213211
6911
728534
73898
926928
97872
29316
216022
485267
724753
425294
868441
590206
13102
193497
67566
144740
514455
368175
177711
822682
695293
291615
834537
30811
251322
541042
870984
14556
49037
871941
907313
874285
508994
941640
220527
786569
427952
620241
677764
203514
25436
647774
964705
298219
476604
652389
871282
507852
956885
603482
407888
866140
803269
386365
607066
983510
684509
207132
236190
757306
240166
341740
78512
836598
929221
291392
106525
891377
324985
242020
778298
281397
356608
970393
466005
965238
479193
645420
568397
329027
306725
491509
112702
336776
515495
634921
458964
880573
977706
759133
684609
359471
384706
109592
181641
909929
143530
72467
444154
415679
842893
89807
377786
254646
343136
492691
808440
885267
695404
490305
831877
536639
58217
708692
957307
261715
619014
185593
191515
330758
566278
36294
93365
440112
171716
205211
351744
245882
375063
630292
537225
589157
427088
537960
165000
813555
11680
6497
333647
472758
910999
936504
895836
587123
740167
536716
779917
10609
305351
138367
260339
718948
274067
391789
154623
183793
394641
782538
400984
79518
30062
905559
394639
538136
470695
682689
152810
121375
12260
619030
167197
63826
904830
383076
933143
259026
84706
334000
954935
246550
197709
302416
111263
923787
278327
945894
590497
441637
812748
608377
738007
236743
955093
271601
262223
981259