40803
97716
552465
731677
181558
344890
684439
871585
330277
959131
348697
802635
655211
287377
764389
884321
258397
278854
337564
903819
128295
628711
133637
319874
153646
453537
742590
915734
417749
680700
258765
677595
761372
595024
326612
834481
603746
325799
2979
864367
124299
306929
836583
367596
837116
802270
127361
359977
410307
293020
569394
653022
968788
305773
47922
918048
810990
51683
635296
631915
597853
284411
516755
231826
942232
844308
103310
753088
589130
929034
682578
868650
918318
770292
762702
115027
464339
347382
183090
80443
610687
104835
256353
998181
59632
9650
272197
227716
223037
906172
240124
253505
56924
30352
694383
41387
594748
317907
232836
919420
598738
464119
586857
841924
799602
480311
872081
364853
101971
982956
420796
87178
461045
883407
558958
25364
503774
487500
335105
352866
156287
68991
958230
32076
260022
875789
634343
147100
389677
98850
411064
515930
174047
557954
475948
308275
879227
23502
469556
811589
114721
646550
139362
569226
320713
955605
498332
196702
850691
81933
322604
107438
474585
708800
475891
466943
782992
956872
307710
513560
761422
617492
558897
849486
936469
624767
878239
23722
68141
402062
926780
161528
634464
923398
969258
369519
283551
498088
752175
604152
720898
215306
904200
974044
779885
918995
249174
136335
479054
814803
355255
757395
159938
378109
650096
433355
952215
542018
673862
725725
985388
867018
449196
851522
328629
552849
868694
497901
42395
828573
466283
704149
215808
303704
654426
632225
859872
302286
661636
801199
702675
359811
424855
171394
610351
671986
196666
682630
524490
594206
40548
231936
544093
464215
707080
780502
645827
27148
688683
523512
579297
234375
12757
569322
272993
555017
444069
608752
847766
171714
793087
719701
12420
380141
465057
564311
805751
567878
395220
834098
965521
204393
372862
753927
989730
649416
144788
737065
698799
24393
761388
457541
259861
367482
280112
686507
512455
196722
773807
144637
287092
240773
57613
652594
734852
108963
912859
494664
187584
438029
447234
963204
665105
449973
818520
11111
426848
99890
833941
872495
173661
966557
541023
998982
524444
627851
975489
337228
191833
587750
563130
53372
261468
799146
838194
628349
719991
303610
321287
189383
330285
408732
311366
225456
688045
268056
853494
625042
569147
13352
357645
288091
621744
313564
620870
368881
245080
727693
877002
975424
783417
661947
398027
861281
462067
246726
408816
431848
376067
160709
332138
372810
960673
182919
825894
162217
347978
92260
88667
601342
527064
152446
271363
733346
417996
113241
97190
925817
548462
145876
679953
122235
398475
386436
299366
939104
418206
923948
49421
820136
765001
449306
539464
460420
281602
852705
230501
878116
917643
81006
468108
771870
367769
409289
111160
353016
814550
156522
563971
337170
820994
796021
662361
388851
931509
2516
400975
432046
502079
522416
735756
912688
304240
127052
861733
433961
283187
600318
476423
53909
126229
777226
313357
906278
130916
566492
11314
159504
177202
453922
487264
113393
179897
584708
75175
885594
698968
248769
599369
50238
743803
373607
185586
374134
169562
141678
222980
114030
652632
807218
583121
445424
309515
326860
661218
587595
747611
94604
803892
390623
120835
866324
890242
181704
93685
216084
835453
340837
52634
948445
727641
370244
904247
997732
963457
287851
984107
166486
160875
793925
828245
215122
136133
316072
150866
808648
447567
724479
218916
564268
276738
207129
56686
860822
188910
822797
50459
821177
878817
573447