994466
426034
384678
418421
95029
579045
994036
258509
836010
804757
618483
294371
23080
725529
454698
347342
285302
522511
168604
249857
955202
837172
286814
245244
182397
182758
910216
816085
213155
125939
554890
653983
899416
953437
103766
188148
705454
177772
611707
485028
389636
875696
224210
225978
486600
504082
519313
735783
6300
784790
191420
137742
365014
494256
960892
863147
995042
528447
860296
202721
618883
679402
62591
753246
535478
278422
885400
768941
150519
702529
244913
125976
257181
919294
345411
429431
17376
466189
254711
244185
27963
410198
947026
604110
345260
331842
956555
916688
723481
808503
574013
769740
803916
507758
38391
867920
225119
834034
304881
635858
55283
130231
948250
725850
319706
963348
833548
868365
162901
240030
943713
924632
181559
550691
221151
612533
951336
32064
129870
500701
248773
115871
1195
790090
874917
149585
889461
316263
337591
960196
322660
978455
391751
444513
248313
469343
602591
971140
192881
847985
931850
499865
184403
224598
46964
4240
729449
18999
832493
138492
42827
985607
905548
953421
310870
394833
705968
850664
908860
882009
573730
368288
326133
488818
759382
795540
162964
947356
398672
869989
225332
764759
918308
639249
597009
615880
926614
191601
634355
891271
692447
205323
917636
891779
573969
346965
130819
135570
915026
831559
429521
251289
351940
94811
426217
389525
206533
234084
820461
120771
797202
664392
718427
338738
304262
679452
311390
147619
980864
198747
89537
618970
939811
391745
970622
381636
48440
201226
799221
612996
491438
210370
884472
957148
259201
522441
783235
672308
14519
572389
296393
714378
713287
859268
794217
619383
390997
481932
264383
475930
397400
437473
848087
425379
459485
603059
89533
569150
228644
934912
82800
4569
888680
551405
489333
253332
792573
726653
802055
609348
957201
819307
83180
423012
774100
484138
850338
474010
910644
679671
375864
79265
787457
502487
447354
506455
443056
593330
596101
865317
587323
522252
972472
338182
317221
36316
765643
750390
943708
536907
872889
926201
72247
676810
97497
835270
287326
296592
162059
529614
382984
977967
149133
721452
197855
450450
424813
349546
372865
869525
999193
173741
623904
650113
363730
632255
306377
359267
588351
431991
492098
374343
883230
665607
875211
643478
130965
365666
99079
619401
592807
15560
285109
657737
437442
714927
768086
988069
594229
646607
65075
302447
382270
154890
431351
896052
330881
650999
178871
179157
688597
793290
494163
254982
373561
458209
568948
146659
609828
740845
854197
553130
383930
863419
749982
284761
183898
366238
454155
467685
450964
707259
382763
990100
166968
791409
314276
538295
318730
689635
179924
746824
98897
934371
710003
634844
398798
804284
310292
379716
765194
108700
276810
44422
700105
2012
77863
883059
458330
705390
593696
693797
539472
564450
942604
147991
510987
538453
487563
804897
960815
843958
486339
769166
119031
971958
611526
322460
517154
147916
275856
69839
792139
636130
885996
460594
574102
778783
743925
634347
369414
560978
759866
315066
400876
161720
622395
513486
729275
775082
793552
238468
200630
440678
33641
735676
707978
504311
262832
429530
99192
289220
915915
16342
804906
795123
117245
85313
221671
510968
800492
139733
273762
722942
169085
765623
228013
618608
447707
646283
218699
357028
179607
114548
104802
337636
26985
96359
331151
165467
461845
192746
149844
360089
72809
461423
297325
555715
526179
506119
272128
293914
677359
593029
827570
32870
893901
373616
806230
61310