46149
569342
832696
176115
282080
999414
523651
210275
967173
278536
562696
720336
584922
261892
109057
820763
531483
772621
727915
769822
401530
593360
256181
833721
28769
127970
242900
309242
110483
959094
709875
108776
897136
366199
733960
349164
764439
519432
672130
586141
275814
854102
572638
623975
763484
738198
740313
765719
635872
888864
519680
435845
413595
333032
524643
806494
65343
673237
495336
412812
345579
650943
382779
189445
352551
625098
544355
263789
227402
782938
263920
72233
863355
236145
856209
780417
240724
1132
392066
523633
297890
58071
562530
23052
602057
757480
636258
619150
948357
898143
207193
730748
635339
789815
351733
407162
299277
784201
347277
473321
926557
833470
543249
365050
150569
73263
395939
519892
80804
714971
355711
928158
707462
684292
624596
830889
141481
31014
418103
311229
582932
913365
406637
998079
706453
753906
669798
694332
463303
827849
358025
481876
20148
234443
782186
828869
27475
508195
85721
670931
222514
267126
289236
907153
998063
294588
699740
912655
590432
911734
529637
633569
100179
294731
700390
15495
599471
426435
303313
511550
747833
164254
907293
53986
502835
374098
286462
638462
148766
777184
613622
6578
566753
549714
496069
370624
737410
18835
865852
655283
243280
975723
577840
34732
421347
504149
569225
130762
264700
83198
515770
122293
17670
982812
93387
241799
123582
466089
284305
433688
529198
531643
350784
69093
163476
293890
267671
82141
408290
936413
486585
398535
49631
120345
731548
389970
254507
772935
703962
100347
226591
350968
571877
303765
38994
702039
550680
289912
62201
85604
119976
685640
664422
525833
373753
664033
174513
149722
966285
320988
628276
966190
210903
351809
712367
892244
445998
83721
291341
320180
313117
393230
731390
618820
19991
555857
120131
544291
403143
774120
851656
113686
363014
221826
435435
928732
525606
732824
223259
253423
844395
946034
843227
623386
152538
583059
608038
610801
457641
318275
287405
484466
307541
293175
865148
905847
680275
746270
554874
135700
399518
134154
993615
569939
836655
462905
571168
616393
675915
796608
651061
572820
251510
733971
792380
803380
416325
403443
631143
799940
601745
743284
826160
739668
38471
926826
253116
828963
342045
351856
766813
683838
586399
473044
656242
435183
849383
236706
411049
506724
954091
327628
709541
125726
159409
151987
381819
14162
669
660564
795349
349984
220394
860498
482809
107757
461623
639323
762212
412639
650489
939898
674448
409524
293775
783161
294165
362496
541875
820145
160300
358401
148876
757296
528782
107360
943904
888453
329530
570311
687142
558250
660502
118681
7737
167567
737325
553810
305641
328447
203095
31421
120812
892785
273654
229324
174834
275374
768924
796439
437078
74777
576010
161268
630256
379104
119572
825263
485063
883454
866016
686566
600548
835882
98317
745924
961985
240607
672816
98136
117537
544521
486265
227089
923513
921673
506356
437464
911052
265701
260780
111498
360404
359311
498794
539920
535644
790096
151515
26909
138411
953809
977551
631044
174362
925190
367517
227764
611143
875960
4837
492369
926946
581549
424942
76847
797092
627317
346541
23981
553312
230484
844519
511532
341042
470343
880621
134315
216852
874357
150726
681985
475535
81459
384876
261686
237581
564724
109420
933053
607117
752459
314288
259858
656561
883167
926554
534252
666482
46122
41670
57695
142771
739181
856626
111954
817970
810996
207290
477208
729307
194241
87867
379372
732151
263640
966426
524238
506946
875431