99267
544792
606856
870175
567089
134484
228003
988147
474892
667585
965844
497794
347131
875644
953708
80325
307069
656710
576370
425457
364590
790423
133110
378713
438440
671323
86598
98176
504326
13325
999482
442879
349444
17839
444394
414031
895298
895139
834432
903284
77863
542633
991080
835655
426275
102454
56996
358110
800652
948333
548731
860441
20650
828221
352721
577164
33934
341270
799506
59268
998045
359688
883784
251384
808234
571835
493709
571150
2177
336645
918106
824838
40577
280427
196477
855175
873697
577655
404329
496196
914707
100722
124455
343115
154245
690751
403371
318058
94148
780756
178242
660990
864891
710869
602662
768473
18074
289871
426804
603791
756626
361422
930101
448414
724988
115355
497368
968311
728793
77013
334209
620269
583092
28650
12538
917433
690852
335347
550919
111079
755118
407210
213208
627489
182343
696648
748376
904791
242742
101119
33827
238343
506904
161169
781972
583150
378621
571852
118011
99979
422640
41442
956654
817228
839893
211497
183095
760728
805866
519787
925035
496824
141360
708523
32282
659426
271395
30645
928610
598116
790436
242912
789150
281962
870584
989924
309692
425772
594601
659986
670380
177718
128522
418548
345205
667157
814424
326721
211425
605339
622716
420157
711641
899088
293869
182315
589771
526389
398451
834352
617287
557814
534406
693830
154154
608235
227221
91417
760881
423114
208482
121217
986863
716717
832394
31965
802137
639164
16739
627144
105791
178167
968254
822971
723221
838435
987595
196287
627376
354510
486300
261773
655180
423935
13250
868676
169225
64383
688275
496773
432695
628478
373710
695086
612230
405540
152533
220338
193440
380341
818968
614546
615442
523872
476307
927738
507045
281572
500333
740410
198027
105824
739521
395423
723893
592245
630650
251758
462338
67609
318808
845692
38673
835771
557519
468781
827511
689103
42638
36807
931852
384949
292573
424370
858848
345994
879327
625678
667723
64586
820151
681969
396322
89311
697223
344828
51398
192267
180052
841112
481430
253807
803717
561618
520580
305590
329931
313041
6085
450465
276826
169072
324002
105775
757780
441340
530284
329832
517383
3339
793100
451974
385997
396087
70073
859905
585746
714486
607298
607349
690803
498327
77963
299059
882113
148507
491092
916257
7780
786478
632501
173518
138204
387265
49254
831254
107171
142533
361210
934190
551599
387781
561772
540621
619667
833696
287506
51064
327621
274338
947886
918824
311802
174719
830628
695385
258926
194411
990661
645170
26432
642585
686217
237196
20153
326861
871836
553824
841453
687712
258127
164882
74810
838672
2991
93908
89069
997697
916403
497208
686981
417940
67278
310422
902159
912291
785637
862806
251952
209238
104155
122267
330049
452325
655367
625165
714836
701290
517383
636736
10197
867937
597102
784390
697740
476288
905497
24526
462847
438317
697247
2295
620277
953953
29158
723829
659349
851863
453523
52126
850732
456752
211801
546514
875085
116838
948147
734341
647122
849579
429932
890347
217601
23453
227483
568702
130507
158312
895085
307439
96302
509497
559130
234727
796153
5467
375674
147448
617904
499632
124400
649445
158021
718860
681668
641802
86918
593841
803407
278762
213975
295459
13455
544979
82260
999720
181339
418544
723288
894430
661104
221419
859612
742584
625897
850172
189815
889814
545869
770771
891267
353729
407042
369502
661344
86848
712800
394103
142290
63193
311457
579693
36550
27047
270196
149614
311026
654485
961264
132238