746105
497096
507771
151878
929930
58690
342046
249200
831827
416870
17573
878522
620375
784429
898376
506975
309122
271038
748482
807075
899375
972877
79401
73276
681348
504141
141279
760861
716152
453075
255969
957792
526965
256585
703932
78094
755096
886155
409184
727694
772566
717793
142733
659113
993208
339610
710890
434934
342854
410817
897652
350503
697922
426303
736787
292846
972107
34892
223241
272653
776291
562259
150403
939641
977162
985826
907090
765674
853321
190411
934515
140674
462154
329690
526218
872983
592228
451762
306478
904671
727349
692358
644125
265015
646697
193009
59728
938896
277207
271667
755946
718070
278794
158409
70794
151550
509660
464104
770879
364364
545790
441365
18331
664190
711317
117604
410784
233977
78591
711051
725208
927054
127156
788897
37889
534024
721863
856377
884068
722708
714570
639317
460934
252365
999441
465929
397112
294564
596303
189294
679369
428265
961054
915839
4060
696248
347738
816019
851604
267138
397420
538999
887339
575927
291237
331687
361762
941325
54016
45737
212051
463088
351946
242055
697826
766406
740445
64935
660242
802782
12424
349896
274676
519604
155274
263707
28537
273763
996925
588092
515625
835432
184976
160459
499885
65742
62445
407979
955078
710524
794809
103767
584032
272599
941113
939164
842881
534229
410834
700279
847452
69791
112041
960843
175682
283106
127977
388415
141176
852531
688866
925938
140195
569052
925007
328860
98336
500296
66480
60994
779248
962694
815382
102677
831504
559485
152573
345256
197735
150445
923155
263820
648537
635357
267927
584779
146041
823975
122269
874237
733851
192028
319726
379081
745607
4565
504907
193724
30793
772759
724050
344383
172709
773730
527482
729016
848231
972630
281465
366080
72025
532035
164677
528252
966223
74188
538486
635354
453276
876598
435018
858730
317671
956051
390275
74902
154071
561221
4715
274304
831979
424241
524279
247863
667879
697090
20042
386452
449623
421264
495351
461594
144586
621387
668634
334528
648734
852330
364110
611759
505796
897045
288410
28703
516298
83014
1837
648153
808865
238737
640892
637772
947977
588612
210044
161020
140955
932905
265278
740122
789618
945192
679842
900590
809271
723657
149945
568688
213128
485080
429371
349495
853509
346913
299489
447881
504503
616027
699041
517393
442204
726241
653188
571374
339475
914203
567845
627752
472416
482491
695304
846269
460125
167972
527252
843738
348734
393765
238830
872101
848447
923042
50612
56887
65196
938259
334675
633511
822221
131750
577990
228033
677483
767616
422699
522838
157699
973217
527683
642413
714439
773670
785606
913047
150603
249895
565985
804256
584787
635200
881357
756578
781814
698989
326605
328499
327086
211791
417732
17022
726207
568139
265008
866479
355522
982290
897607
481992
897614
991611
171372
959441
649729
910732
27534
433196
272560
699479
651486
956550
854889
487361
335787
739754
618593
516702
655387
954095
919615
647992
778568
544018
756996
195567
543028
951134
721877
82938
573547
781063
193894
583819
754868
931287
66437
165649
21043
117248
722816
183831
235166
10896
945844
891210
73242
953922
662196
347607
285297
715248
414418
49907
988914
515046
63181
234228
699814
772691
822167
398876
408618
341657
113985
550583
303342
922947
632773
43546
295112
786390
913392
3019
100022
585600
251946
502079
367983
630125
161443
397950
869732
435001
985628
661347
964888
900608
830543
457407
704344
717264
763836
799262
298905
282368
20690
65377
884654
595738
207798
52618