987028
422979
18626
703186
814708
144849
62416
685575
456998
599362
953572
88896
481467
909722
624698
351891
759013
902357
551253
991097
785681
686884
502072
294041
647791
849861
736877
651630
946317
644733
648322
114007
277665
726261
118164
965563
767653
122222
993987
183190
160029
343331
255685
920869
800820
825274
30614
999786
479684
184486
6349
801948
430389
966556
521098
710959
950845
206511
825548
430139
646917
998346
483167
109132
352556
452874
905714
826885
160164
517494
253382
819633
648250
933147
162883
584680
610228
849480
499045
417946
395731
165923
495955
683323
174008
222055
995728
577099
649443
681083
284234
461696
435926
298927
291728
334931
467736
70421
523425
462692
440597
100282
875808
527883
195427
391680
478371
326140
670559
684889
51306
878998
574326
975074
271212
938696
922496
273882
811149
302624
52806
705597
598701
879474
3876
867521
179354
710753
23754
860012
974565
646541
329116
905232
172434
92953
893177
297828
303849
202135
336985
579713
151849
194771
147984
397302
957532
4089
349487
853832
276870
567780
291849
602569
588535
952771
458131
632915
537280
467946
528805
612066
810562
869363
419933
450187
354146
841422
47331
70621
7128
716076
470726
143955
633447
530564
414789
193522
682727
563905
97323
115909
40510
615176
66897
155379
771949
229289
727559
649274
213958
11809
493518
868874
906747
178122
769404
488192
72722
393632
745154
650301
321462
121008
673995
105571
360807
237343
897786
764140
386768
609812
736726
904806
691833
704579
920834
191823
282259
888919
612261
620937
622769
770491
802984
194105
323350
566790
662749
198658
588585
900225
400701
547161
194501
8277
818890
68613
407149
632982
334291
135990
669468
570022
259670
530687
995067
275783
492095
791856
535724
384833
579919
816468
70083
249388
595288
694724
542613
152027
948388
173990
855976
341349
438326
352774
965194
785873
252328
727758
100029
285085
206131
458149
885199
610539
527117
563170
164297
175881
129581
763244
320253
394203
10986
113776
856194
556135
460673
217021
471037
548349
387381
649151
136597
891969
921617
586262
61384
540439
811273
182930
129180
759209
650751
911949
873645
359639
700897
869989
799845
143676
323887
486677
53707
794586
804954
277872
309170
745569
598152
893177
686929
380833
570485
559393
563379
735369
771443
2974
90757
788955
193873
579492
458189
286894
560410
38658
323130
255263
499637
772956
482198
940245
827498
996097
208343
309680
435460
755240
526165
889998
580177
682060
485783
95417
562886
4449
749062
557232
543871
656433
34243
548689
362917
913944
232788
546272
382377
317848
802681
93622
536940
415898
928797
573128
362369
199554
610536
951827
202954
537325
982257
231073
852735
293258
720017
292283
371277
762898
893971
938860
215450
618917
734663
976685
985063
681539
140150
748018
688975
65315
975727
357328
549036
831667
390144
264777
565529
596909
586496
584822
746897
834963
879433
475215
614582
719815
887492
422234
753070
441929
873181
300142
528360
291789
520533
98595
386045
623992
633973
866585
514033
777911
868064
940961
155608
639356
445250
30987
103829
105366
48677
963340
493886
142060
428514
556172
628123
56086
563444
587914
913357
95513
339240
552365
924684
341756
608752
172456
508937
868171
675992
144072
262962
634408
964624
172509
830228
440584
199911
970883
863194
185617
199257
827276
881651
77519
289471
155595
245906
440653
983076
544511
864143
961622
771576
522779
426091
423112
224222
272622
904752
132177
408672
255732
69111
992329
746050
585080